Sample	uniquely_mapped_percent	num_splices	num_GCAG_splices	insertion_length	deletion_length	unmapped_tooshort_percent	avg_mapped_read_length	deletion_rate	mismatch_rate	avg_input_read_length	num_ATAC_splices	num_annotated_splices	num_GTAG_splices	uniquely_mapped	multimapped_toomany	unmapped_mismatches	unmapped_mismatches_percent	total_reads	unmapped_other	insertion_rate	unmapped_other_percent	multimapped_percent	multimapped	num_noncanonical_splices	unmapped_tooshort	multimapped_toomany_percent
SLX-11165.ORDRA05.HFMVTBBXX.s_1.r_1_trimmed_GRCm38	83.61	66685.0	454.0	1.32	1.46	2.43	48.71	0.0	0.34	49.0	50.0	0.0	65255.0	2423603.0	22300.0	0	0.0	2898591.0	47577	0.01	1.64	11.54	334617.0	926.0	70494	0.77
SLX-11165.ORDRA05.HFMVTBBXX.s_2.r_1_trimmed_GRCm38	83.74	67749.0	461.0	1.32	1.51	2.38	48.73	0.0	0.33	49.0	46.0	0.0	66339.0	2464488.0	22387.0	0	0.0	2942994.0	47785	0.01	1.62	11.49	338131.0	903.0	70203	0.76
SLX-11165.ORDRA05.HFN3MBBXX.s_5.r_1_trimmed_GRCm38	83.75	73548.0	514.0	1.32	1.48	2.37	48.72	0.0	0.34	49.0	42.0	0.0	71983.0	2686057.0	24449.0	0	0.0	3207176.0	54520	0.01	1.7	11.42	366143.0	1009.0	76007	0.76
SLX-11165.ORDRA05.HFN3MBBXX.s_6.r_1_trimmed_GRCm38	83.86	75837.0	504.0	1.32	1.46	2.34	48.73	0.0	0.34	49.0	41.0	0.0	74218.0	2771047.0	25056.0	0	0.0	3304371.0	55162	0.01	1.67	11.37	375812.0	1074.0	77294	0.76
SLX-11165.ORDRA05.HFN3MBBXX.s_7.r_1_trimmed_GRCm38	83.84	73819.0	481.0	1.33	1.47	2.36	48.72	0.0	0.32	49.0	64.0	0.0	72273.0	2685743.0	24336.0	0	0.0	3203428.0	53740	0.01	1.68	11.37	364116.0	1001.0	75493	0.76
SLX-11165.ORDRA06.HFMVTBBXX.s_1.r_1_trimmed_GRCm38	72.71	36876.0	307.0	1.31	2.03	3.75	48.57	0.01	0.61	49.0	37.0	0.0	36003.0	1621892.0	17495.0	0	0.0	2230587.0	19842	0.01	0.89	21.87	487752.0	529.0	83606	0.78
SLX-11165.ORDRA06.HFMVTBBXX.s_2.r_1_trimmed_GRCm38	72.85	37282.0	307.0	1.31	2.13	3.75	48.58	0.01	0.6	49.0	50.0	0.0	36421.0	1652596.0	17301.0	0	0.0	2268514.0	19032	0.01	0.84	21.8	494621.0	504.0	84964	0.76
SLX-11165.ORDRA06.HFN3MBBXX.s_5.r_1_trimmed_GRCm38	73.17	40159.0	333.0	1.32	2.11	3.66	48.59	0.01	0.59	49.0	44.0	0.0	39212.0	1781302.0	18338.0	0	0.0	2434364.0	22422	0.01	0.92	21.49	523102.0	570.0	89200	0.75
SLX-11165.ORDRA06.HFN3MBBXX.s_6.r_1_trimmed_GRCm38	73.27	41599.0	335.0	1.31	2.05	3.62	48.6	0.01	0.59	49.0	62.0	0.0	40616.0	1831983.0	18714.0	0	0.0	2500319.0	22048	0.01	0.88	21.47	536874.0	586.0	90700	0.75
SLX-11165.ORDRA06.HFN3MBBXX.s_7.r_1_trimmed_GRCm38	73.12	40376.0	322.0	1.31	2.14	3.64	48.59	0.01	0.58	49.0	38.0	0.0	39454.0	1776144.0	18458.0	0	0.0	2428964.0	22610	0.01	0.93	21.54	523256.0	562.0	88496	0.76
SLX-11165.ORDRA07.HFMVTBBXX.s_1.r_1_trimmed_GRCm38	78.85	102096.0	886.0	1.41	1.57	2.86	48.65	0.0	0.42	49.0	136.0	0.0	100075.0	3129503.0	26584.0	0	0.0	3969159.0	39670	0.01	1.0	16.63	659945.0	999.0	113457	0.67
SLX-11165.ORDRA07.HFMVTBBXX.s_2.r_1_trimmed_GRCm38	78.98	104439.0	840.0	1.4	1.57	2.82	48.66	0.0	0.41	49.0	140.0	0.0	102469.0	3198374.0	26758.0	0	0.0	4049772.0	39285	0.01	0.97	16.57	671144.0	990.0	114211	0.66
SLX-11165.ORDRA07.HFN3MBBXX.s_5.r_1_trimmed_GRCm38	79.11	111444.0	923.0	1.4	1.58	2.78	48.67	0.0	0.41	49.0	140.0	0.0	109349.0	3429626.0	28924.0	0	0.0	4335337.0	45095	0.01	1.04	16.4	711151.0	1032.0	120541	0.67
SLX-11165.ORDRA07.HFN3MBBXX.s_6.r_1_trimmed_GRCm38	79.26	115218.0	952.0	1.41	1.53	2.76	48.67	0.0	0.41	49.0	136.0	0.0	113011.0	3550501.0	29651.0	0	0.0	4479303.0	43905	0.01	0.98	16.33	731595.0	1119.0	123651	0.66
SLX-11165.ORDRA07.HFN3MBBXX.s_7.r_1_trimmed_GRCm38	79.16	111983.0	899.0	1.41	1.55	2.79	48.67	0.0	0.39	49.0	165.0	0.0	109809.0	3431571.0	28468.0	0	0.0	4335088.0	44193	0.01	1.02	16.38	709974.0	1110.0	120882	0.66
SLX-11165.ORDRA10.HFMVTBBXX.s_1.r_1_trimmed_GRCm38	83.2	42090.0	342.0	1.34	1.43	2.4	48.78	0.0	0.32	49.0	48.0	0.0	40767.0	3204900.0	17417.0	0	0.0	3851945.0	33462	0.0	0.87	13.08	503858.0	933.0	92308	0.45
SLX-11165.ORDRA10.HFMVTBBXX.s_2.r_1_trimmed_GRCm38	83.39	41919.0	329.0	1.33	1.4	2.33	48.8	0.0	0.31	49.0	51.0	0.0	40691.0	3261440.0	17056.0	0	0.0	3911115.0	32090	0.0	0.82	13.02	509345.0	848.0	91184	0.44
SLX-11165.ORDRA10.HFN3MBBXX.s_5.r_1_trimmed_GRCm38	83.55	46033.0	316.0	1.33	1.42	2.31	48.8	0.0	0.32	49.0	56.0	0.0	44687.0	3597982.0	19016.0	0	0.0	4306218.0	39647	0.0	0.92	12.77	550024.0	974.0	99549	0.44
SLX-11165.ORDRA10.HFN3MBBXX.s_6.r_1_trimmed_GRCm38	83.69	47494.0	334.0	1.33	1.4	2.26	48.81	0.0	0.31	49.0	72.0	0.0	46026.0	3713056.0	19503.0	0	0.0	4436611.0	38078	0.0	0.86	12.76	565908.0	1062.0	100066	0.44
SLX-11165.ORDRA10.HFN3MBBXX.s_7.r_1_trimmed_GRCm38	83.55	45820.0	329.0	1.33	1.42	2.29	48.8	0.0	0.3	49.0	56.0	0.0	44471.0	3587369.0	18902.0	0	0.0	4293593.0	38747	0.0	0.9	12.81	549987.0	964.0	98588	0.44
SLX-11165.ORDRA11.HFMVTBBXX.s_1.r_1_trimmed_GRCm38	81.49	63597.0	504.0	1.22	1.39	2.63	48.74	0.0	0.34	49.0	42.0	0.0	62494.0	2264324.0	19570.0	0	0.0	2778731.0	24186	0.01	0.87	14.31	397538.0	557.0	73113	0.7
SLX-11165.ORDRA11.HFMVTBBXX.s_2.r_1_trimmed_GRCm38	81.6	65165.0	509.0	1.23	1.35	2.58	48.76	0.0	0.33	49.0	32.0	0.0	64054.0	2309902.0	19502.0	0	0.0	2830714.0	23479	0.01	0.83	14.3	404850.0	570.0	72981	0.69
SLX-11165.ORDRA11.HFN3MBBXX.s_5.r_1_trimmed_GRCm38	81.81	69139.0	531.0	1.23	1.37	2.54	48.76	0.0	0.34	49.0	37.0	0.0	68006.0	2505008.0	21417.0	0	0.0	3062101.0	26989	0.01	0.88	14.07	430788.0	565.0	77899	0.7
SLX-11165.ORDRA11.HFN3MBBXX.s_6.r_1_trimmed_GRCm38	81.82	71625.0	521.0	1.23	1.39	2.51	48.76	0.0	0.33	49.0	31.0	0.0	70463.0	2586126.0	22019.0	0	0.0	3160935.0	27189	0.01	0.86	14.12	446249.0	610.0	79352	0.7
SLX-11165.ORDRA11.HFN3MBBXX.s_7.r_1_trimmed_GRCm38	81.86	69511.0	572.0	1.21	1.37	2.52	48.76	0.0	0.32	49.0	41.0	0.0	68313.0	2506385.0	21154.0	0	0.0	3061947.0	26963	0.01	0.88	14.05	430233.0	585.0	77212	0.69
SLX-11165.ORDRA12.HFMVTBBXX.s_1.r_1_trimmed_GRCm38	86.3	57978.0	415.0	1.23	1.25	2.08	48.81	0.0	0.28	49.0	47.0	0.0	57101.0	1636535.0	10596.0	0	0.0	1896332.0	16899	0.0	0.89	10.17	192808.0	415.0	39494	0.56
SLX-11165.ORDRA12.HFMVTBBXX.s_2.r_1_trimmed_GRCm38	86.47	59802.0	453.0	1.24	1.26	2.03	48.82	0.0	0.27	49.0	55.0	0.0	58881.0	1680101.0	10809.0	0	0.0	1943025.0	16957	0.0	0.87	10.07	195592.0	413.0	39566	0.56
SLX-11165.ORDRA12.HFN3MBBXX.s_5.r_1_trimmed_GRCm38	86.56	62932.0	447.0	1.21	1.24	2.01	48.83	0.0	0.28	49.0	56.0	0.0	61980.0	1805990.0	11522.0	0	0.0	2086453.0	18776	0.0	0.9	9.98	208231.0	449.0	41934	0.55
SLX-11165.ORDRA12.HFN3MBBXX.s_6.r_1_trimmed_GRCm38	86.64	64980.0	448.0	1.2	1.27	1.98	48.83	0.0	0.27	49.0	41.0	0.0	64007.0	1850133.0	11793.0	0	0.0	2135452.0	18753	0.0	0.88	9.95	212579.0	484.0	42194	0.55
SLX-11165.ORDRA12.HFN3MBBXX.s_7.r_1_trimmed_GRCm38	86.56	63855.0	480.0	1.21	1.25	2.0	48.82	0.0	0.26	49.0	57.0	0.0	62857.0	1800119.0	11581.0	0	0.0	2079700.0	18936	0.0	0.91	9.97	207445.0	461.0	41619	0.56
SLX-11165.ORDRB05.HFMVTBBXX.s_1.r_1_trimmed_GRCm38	82.47	43467.0	362.0	1.23	1.54	3.49	48.58	0.0	0.38	49.0	49.0	0.0	42150.0	1999253.0	16430.0	0	0.0	2424173.0	36669	0.01	1.51	11.84	287068.0	906.0	84753	0.68
SLX-11165.ORDRB05.HFMVTBBXX.s_2.r_1_trimmed_GRCm38	82.66	44730.0	404.0	1.24	1.54	3.45	48.6	0.0	0.37	49.0	36.0	0.0	43434.0	2046071.0	16467.0	0	0.0	2475312.0	36596	0.01	1.48	11.75	290869.0	856.0	85309	0.67
SLX-11165.ORDRB05.HFN3MBBXX.s_5.r_1_trimmed_GRCm38	82.57	46583.0	400.0	1.23	1.55	3.44	48.6	0.0	0.38	49.0	39.0	0.0	45208.0	2174584.0	17994.0	0	0.0	2633580.0	41048	0.01	1.56	11.75	309438.0	936.0	90516	0.68
SLX-11165.ORDRB05.HFN3MBBXX.s_6.r_1_trimmed_GRCm38	82.71	47956.0	431.0	1.23	1.55	3.42	48.6	0.0	0.37	49.0	50.0	0.0	46504.0	2247397.0	18361.0	0	0.0	2717069.0	40247	0.01	1.48	11.71	318062.0	971.0	93002	0.68
SLX-11165.ORDRB05.HFN3MBBXX.s_7.r_1_trimmed_GRCm38	82.67	47668.0	398.0	1.24	1.53	3.44	48.6	0.0	0.36	49.0	53.0	0.0	46236.0	2188557.0	18092.0	0	0.0	2647296.0	40237	0.01	1.52	11.69	309346.0	981.0	91064	0.68
SLX-11165.ORDRB06.HFMVTBBXX.s_1.r_1_trimmed_GRCm38	76.7	38638.0	301.0	1.51	1.6	2.99	48.68	0.0	0.42	49.0	39.0	0.0	37901.0	1033904.0	11682.0	0	0.0	1347920.0	14151	0.01	1.05	18.39	247885.0	397.0	40298	0.87
SLX-11165.ORDRB06.HFMVTBBXX.s_2.r_1_trimmed_GRCm38	76.77	39750.0	297.0	1.55	1.58	2.97	48.7	0.0	0.41	49.0	41.0	0.0	39007.0	1053354.0	11540.0	0	0.0	1372075.0	14003	0.01	1.02	18.4	252405.0	405.0	40773	0.84
SLX-11165.ORDRB06.HFN3MBBXX.s_5.r_1_trimmed_GRCm38	76.93	41350.0	310.0	1.52	1.62	2.93	48.69	0.0	0.41	49.0	43.0	0.0	40568.0	1117730.0	12299.0	0	0.0	1452993.0	15994	0.01	1.1	18.19	264368.0	429.0	42602	0.85
SLX-11165.ORDRB06.HFN3MBBXX.s_6.r_1_trimmed_GRCm38	77.03	42679.0	321.0	1.51	1.6	2.93	48.7	0.0	0.41	49.0	28.0	0.0	41889.0	1142575.0	12581.0	0	0.0	1483248.0	15859	0.01	1.07	18.12	268805.0	441.0	43428	0.85
SLX-11165.ORDRB06.HFN3MBBXX.s_7.r_1_trimmed_GRCm38	77.05	41765.0	303.0	1.5	1.63	2.9	48.7	0.0	0.39	49.0	41.0	0.0	41031.0	1118081.0	12376.0	0	0.0	1451067.0	15825	0.01	1.09	18.1	262680.0	390.0	42105	0.85
SLX-11165.ORDRB07.HFMVTBBXX.s_1.r_1_trimmed_GRCm38	82.34	61298.0	525.0	1.43	1.43	2.75	48.55	0.0	0.33	49.0	39.0	0.0	59899.0	1787688.0	24118.0	0	0.0	2171038.0	29306	0.01	1.35	12.45	270229.0	835.0	59697	1.11
SLX-11165.ORDRB07.HFMVTBBXX.s_2.r_1_trimmed_GRCm38	82.45	62169.0	550.0	1.43	1.43	2.73	48.56	0.0	0.32	49.0	41.0	0.0	60726.0	1824348.0	24354.0	0	0.0	2212678.0	29180	0.01	1.32	12.4	274445.0	852.0	60351	1.1
SLX-11165.ORDRB07.HFN3MBBXX.s_5.r_1_trimmed_GRCm38	82.49	65694.0	543.0	1.44	1.42	2.69	48.57	0.0	0.33	49.0	42.0	0.0	64235.0	1934544.0	25865.0	0	0.0	2345252.0	32633	0.01	1.39	12.33	289056.0	874.0	63154	1.1
SLX-11165.ORDRB07.HFN3MBBXX.s_6.r_1_trimmed_GRCm38	82.57	68080.0	597.0	1.45	1.43	2.67	48.57	0.0	0.32	49.0	49.0	0.0	66483.0	1992388.0	26504.0	0	0.0	2413023.0	32879	0.01	1.36	12.3	296702.0	951.0	64550	1.1
SLX-11165.ORDRB07.HFN3MBBXX.s_7.r_1_trimmed_GRCm38	82.53	66334.0	509.0	1.44	1.44	2.7	48.57	0.0	0.31	49.0	43.0	0.0	64886.0	1932039.0	25674.0	0	0.0	2341123.0	32272	0.01	1.38	12.3	287997.0	896.0	63141	1.1
SLX-11165.ORDRB08.HFMVTBBXX.s_1.r_1_trimmed_GRCm38	81.8	42845.0	372.0	1.28	1.36	2.62	48.62	0.0	0.32	49.0	38.0	0.0	41761.0	1767030.0	17189.0	0	0.0	2160165.0	29614	0.0	1.37	13.41	289697.0	674.0	56635	0.8
SLX-11165.ORDRB08.HFMVTBBXX.s_2.r_1_trimmed_GRCm38	82.04	44080.0	366.0	1.29	1.4	2.55	48.65	0.0	0.31	49.0	42.0	0.0	43047.0	1806331.0	17363.0	0	0.0	2201755.0	28598	0.0	1.3	13.32	293367.0	625.0	56096	0.79
SLX-11165.ORDRB08.HFN3MBBXX.s_5.r_1_trimmed_GRCm38	82.06	46877.0	385.0	1.28	1.38	2.52	48.65	0.0	0.32	49.0	46.0	0.0	45719.0	1958569.0	19071.0	0	0.0	2386627.0	33458	0.0	1.4	13.21	315306.0	727.0	60224	0.8
SLX-11165.ORDRB08.HFN3MBBXX.s_6.r_1_trimmed_GRCm38	82.25	48152.0	418.0	1.3	1.36	2.45	48.66	0.0	0.32	49.0	52.0	0.0	46966.0	2011936.0	19499.0	0	0.0	2445991.0	33468	0.0	1.37	13.13	321236.0	716.0	59852	0.8
SLX-11165.ORDRB08.HFN3MBBXX.s_7.r_1_trimmed_GRCm38	82.08	47047.0	426.0	1.29	1.39	2.51	48.65	0.0	0.3	49.0	49.0	0.0	45885.0	1954486.0	19081.0	0	0.0	2381085.0	33299	0.0	1.4	13.21	314518.0	687.0	59701	0.8
SLX-11165.ORDRB09.HFMVTBBXX.s_1.r_1_trimmed_GRCm38	78.47	74134.0	572.0	1.32	1.55	3.27	48.55	0.0	0.39	49.0	78.0	0.0	72510.0	2499362.0	24750.0	0	0.0	3185170.0	35665	0.0	1.12	16.37	521263.0	974.0	104130	0.78
SLX-11165.ORDRB09.HFMVTBBXX.s_2.r_1_trimmed_GRCm38	78.74	74945.0	541.0	1.31	1.53	3.19	48.58	0.0	0.38	49.0	77.0	0.0	73513.0	2519668.0	24141.0	0	0.0	3199916.0	34209	0.0	1.07	16.25	519909.0	814.0	101989	0.75
SLX-11165.ORDRB09.HFN3MBBXX.s_5.r_1_trimmed_GRCm38	78.84	81063.0	622.0	1.31	1.56	3.14	48.58	0.0	0.38	49.0	87.0	0.0	79322.0	2749100.0	26560.0	0	0.0	3486833.0	40806	0.0	1.17	16.08	560852.0	1032.0	109515	0.76
SLX-11165.ORDRB09.HFN3MBBXX.s_6.r_1_trimmed_GRCm38	78.96	83442.0	673.0	1.32	1.51	3.1	48.59	0.0	0.38	49.0	91.0	0.0	81693.0	2836817.0	27444.0	0	0.0	3592516.0	40173	0.0	1.12	16.06	576888.0	985.0	111194	0.76
SLX-11165.ORDRB09.HFN3MBBXX.s_7.r_1_trimmed_GRCm38	78.84	80672.0	636.0	1.31	1.5	3.15	48.58	0.0	0.37	49.0	74.0	0.0	78986.0	2747768.0	26521.0	0	0.0	3485448.0	40712	0.0	1.17	16.09	560837.0	976.0	109610	0.76
SLX-11165.ORDRB10.HFMVTBBXX.s_1.r_1_trimmed_GRCm38	79.89	135935.0	1031.0	1.49	1.48	2.67	48.69	0.0	0.36	49.0	95.0	0.0	133423.0	3698336.0	37930.0	0	0.0	4629410.0	50495	0.01	1.09	15.53	718958.0	1386.0	123691	0.82
SLX-11165.ORDRB10.HFMVTBBXX.s_2.r_1_trimmed_GRCm38	80.08	139966.0	1006.0	1.51	1.44	2.62	48.71	0.0	0.35	49.0	126.0	0.0	137537.0	3777360.0	38145.0	0	0.0	4717201.0	49517	0.01	1.05	15.45	728621.0	1297.0	123558	0.81
SLX-11165.ORDRB10.HFN3MBBXX.s_5.r_1_trimmed_GRCm38	80.13	148426.0	965.0	1.48	1.43	2.6	48.71	0.0	0.35	49.0	120.0	0.0	145898.0	4052507.0	41090.0	0	0.0	5057526.0	57661	0.01	1.14	15.32	774759.0	1443.0	131509	0.81
SLX-11165.ORDRB10.HFN3MBBXX.s_6.r_1_trimmed_GRCm38	80.3	153344.0	1101.0	1.48	1.44	2.56	48.72	0.0	0.35	49.0	122.0	0.0	150591.0	4189258.0	42154.0	0	0.0	5217295.0	56918	0.01	1.09	15.24	795286.0	1530.0	133679	0.81
SLX-11165.ORDRB10.HFN3MBBXX.s_7.r_1_trimmed_GRCm38	80.2	148812.0	1110.0	1.48	1.44	2.58	48.71	0.0	0.33	49.0	129.0	0.0	146120.0	4055422.0	41195.0	0	0.0	5056659.0	57112	0.01	1.13	15.28	772534.0	1453.0	130396	0.81
SLX-11165.ORDRB11.HFMVTBBXX.s_1.r_1_trimmed_GRCm38	82.43	136302.0	837.0	1.35	1.34	2.16	48.78	0.0	0.32	49.0	89.0	0.0	134441.0	3390669.0	30614.0	0	0.0	4113568.0	44385	0.01	1.08	13.59	559130.0	935.0	88770	0.74
SLX-11165.ORDRB11.HFMVTBBXX.s_2.r_1_trimmed_GRCm38	82.6	140429.0	907.0	1.34	1.33	2.1	48.8	0.0	0.31	49.0	88.0	0.0	138530.0	3450251.0	30643.0	0	0.0	4176892.0	42918	0.01	1.03	13.54	565577.0	904.0	87503	0.73
SLX-11165.ORDRB11.HFN3MBBXX.s_5.r_1_trimmed_GRCm38	82.64	148875.0	975.0	1.36	1.34	2.08	48.8	0.0	0.32	49.0	111.0	0.0	146828.0	3706169.0	33089.0	0	0.0	4484467.0	50638	0.01	1.13	13.41	601361.0	961.0	93210	0.74
SLX-11165.ORDRB11.HFN3MBBXX.s_6.r_1_trimmed_GRCm38	82.8	152997.0	1039.0	1.34	1.33	2.03	48.81	0.0	0.31	49.0	107.0	0.0	150898.0	3826549.0	33743.0	0	0.0	4621514.0	49891	0.01	1.08	13.36	617555.0	953.0	93776	0.73
SLX-11165.ORDRB11.HFN3MBBXX.s_7.r_1_trimmed_GRCm38	82.66	148297.0	883.0	1.36	1.3	2.07	48.8	0.0	0.3	49.0	93.0	0.0	146378.0	3708774.0	33140.0	0	0.0	4486664.0	50247	0.01	1.12	13.41	601635.0	943.0	92868	0.74
SLX-11165.ORDRB12.HFMVTBBXX.s_1.r_1_trimmed_GRCm38	81.12	82969.0	566.0	1.43	1.28	2.11	48.78	0.0	0.33	49.0	48.0	0.0	81859.0	1915412.0	20965.0	0	0.0	2361144.0	20764	0.01	0.88	15.0	354216.0	496.0	49787	0.89
SLX-11165.ORDRB12.HFMVTBBXX.s_2.r_1_trimmed_GRCm38	81.26	84990.0	571.0	1.44	1.31	2.07	48.8	0.0	0.32	49.0	50.0	0.0	83895.0	1946039.0	20925.0	0	0.0	2394852.0	20812	0.01	0.87	14.93	357558.0	474.0	49518	0.87
SLX-11165.ORDRB12.HFN3MBBXX.s_5.r_1_trimmed_GRCm38	81.47	89809.0	640.0	1.42	1.31	2.03	48.79	0.0	0.33	49.0	34.0	0.0	88604.0	2093517.0	22692.0	0	0.0	2569741.0	23641	0.01	0.92	14.7	377728.0	531.0	52163	0.88
SLX-11165.ORDRB12.HFN3MBBXX.s_6.r_1_trimmed_GRCm38	81.58	92605.0	672.0	1.43	1.32	1.99	48.8	0.0	0.33	49.0	50.0	0.0	91277.0	2160747.0	22891.0	0	0.0	2648639.0	23861	0.01	0.9	14.66	388382.0	606.0	52758	0.86
SLX-11165.ORDRB12.HFN3MBBXX.s_7.r_1_trimmed_GRCm38	81.39	89975.0	613.0	1.42	1.33	2.03	48.8	0.0	0.31	49.0	41.0	0.0	88744.0	2089772.0	22525.0	0	0.0	2567458.0	23363	0.01	0.91	14.79	379680.0	577.0	52118	0.88
SLX-11165.ORDRC05.HFMVTBBXX.s_1.r_1_trimmed_GRCm38	76.02	54393.0	368.0	1.31	1.98	3.29	48.56	0.01	0.44	49.0	46.0	0.0	53351.0	1584726.0	14549.0	0	0.0	2084701.0	23123	0.01	1.11	18.89	393769.0	628.0	68534	0.7
SLX-11165.ORDRC05.HFMVTBBXX.s_2.r_1_trimmed_GRCm38	76.16	55652.0	431.0	1.31	2.06	3.22	48.58	0.01	0.42	49.0	59.0	0.0	54520.0	1610196.0	14301.0	0	0.0	2114123.0	22217	0.01	1.05	18.89	399278.0	642.0	68131	0.68
SLX-11165.ORDRC05.HFN3MBBXX.s_5.r_1_trimmed_GRCm38	76.24	58825.0	421.0	1.3	1.96	3.19	48.57	0.01	0.43	49.0	46.0	0.0	57652.0	1727816.0	15589.0	0	0.0	2266360.0	25856	0.01	1.14	18.74	424749.0	706.0	72350	0.69
SLX-11165.ORDRC05.HFN3MBBXX.s_6.r_1_trimmed_GRCm38	76.4	60400.0	432.0	1.31	1.99	3.15	48.58	0.01	0.43	49.0	57.0	0.0	59232.0	1783337.0	16030.0	0	0.0	2334186.0	25677	0.01	1.1	18.66	435612.0	679.0	73530	0.69
SLX-11165.ORDRC05.HFN3MBBXX.s_7.r_1_trimmed_GRCm38	76.31	58849.0	448.0	1.31	1.93	3.19	48.58	0.01	0.41	49.0	66.0	0.0	57661.0	1728770.0	15694.0	0	0.0	2265481.0	25598	0.01	1.13	18.68	423156.0	674.0	72263	0.69
SLX-11165.ORDRC06.HFMVTBBXX.s_1.r_1_trimmed_GRCm38	72.14	27315.0	220.0	1.34	2.25	4.14	48.49	0.01	0.62	49.0	24.0	0.0	26686.0	1014223.0	10943.0	0	0.0	1405946.0	11953	0.01	0.85	22.09	310608.0	385.0	58219	0.78
SLX-11165.ORDRC06.HFMVTBBXX.s_2.r_1_trimmed_GRCm38	72.25	27843.0	220.0	1.37	2.3	4.14	48.52	0.01	0.61	49.0	33.0	0.0	27232.0	1029428.0	10767.0	0	0.0	1424777.0	11261	0.01	0.79	22.06	314306.0	358.0	59015	0.76
SLX-11165.ORDRC06.HFN3MBBXX.s_5.r_1_trimmed_GRCm38	72.51	29822.0	250.0	1.35	2.23	4.04	48.52	0.01	0.6	49.0	27.0	0.0	29127.0	1105824.0	11952.0	0	0.0	1525131.0	13569	0.01	0.89	21.78	332193.0	418.0	61593	0.78
SLX-11165.ORDRC06.HFN3MBBXX.s_6.r_1_trimmed_GRCm38	72.67	30900.0	247.0	1.36	2.2	4.0	48.53	0.01	0.59	49.0	21.0	0.0	30229.0	1142407.0	12111.0	0	0.0	1572101.0	13038	0.01	0.83	21.74	341711.0	403.0	62834	0.77
SLX-11165.ORDRC06.HFN3MBBXX.s_7.r_1_trimmed_GRCm38	72.47	29759.0	221.0	1.38	2.22	4.05	48.53	0.01	0.58	49.0	24.0	0.0	29138.0	1106132.0	11756.0	0	0.0	1526374.0	13587	0.01	0.89	21.82	333073.0	376.0	61826	0.77
SLX-11165.ORDRC07.HFMVTBBXX.s_1.r_1_trimmed_GRCm38	76.6	34704.0	204.0	1.32	1.14	5.65	48.51	0.0	0.45	49.0	1266.0	0.0	32118.0	2218078.0	15561.0	0	0.0	2895530.0	49500	0.01	1.71	15.5	448840.0	1116.0	163551	0.54
SLX-11165.ORDRC07.HFMVTBBXX.s_2.r_1_trimmed_GRCm38	76.78	35241.0	209.0	1.31	1.13	5.62	48.52	0.0	0.43	49.0	1310.0	0.0	32620.0	2252656.0	15253.0	0	0.0	2933828.0	48081	0.01	1.64	15.44	453073.0	1102.0	164765	0.52
SLX-11165.ORDRC07.HFN3MBBXX.s_5.r_1_trimmed_GRCm38	76.96	37362.0	232.0	1.32	1.12	5.52	48.53	0.0	0.44	49.0	1387.0	0.0	34568.0	2426485.0	16509.0	0	0.0	3152818.0	57963	0.01	1.84	15.16	477974.0	1175.0	173888	0.52
SLX-11165.ORDRC07.HFN3MBBXX.s_6.r_1_trimmed_GRCm38	77.04	38797.0	225.0	1.31	1.14	5.5	48.53	0.0	0.43	49.0	1483.0	0.0	35832.0	2504979.0	17216.0	0	0.0	3251704.0	57890	0.01	1.78	15.15	492745.0	1257.0	178874	0.53
SLX-11165.ORDRC07.HFN3MBBXX.s_7.r_1_trimmed_GRCm38	76.91	38042.0	210.0	1.3	1.14	5.53	48.53	0.0	0.42	49.0	1436.0	0.0	35156.0	2435199.0	16676.0	0	0.0	3166177.0	58263	0.01	1.84	15.19	480935.0	1240.0	175104	0.53
SLX-11165.ORDRC08.HFMVTBBXX.s_1.r_1_trimmed_GRCm38	75.53	63088.0	521.0	1.45	1.83	4.34	48.41	0.01	0.38	49.0	80.0	0.0	61561.0	1902090.0	29848.0	0	0.0	2518337.0	29966	0.01	1.19	17.76	447144.0	926.0	109289	1.19
SLX-11165.ORDRC08.HFMVTBBXX.s_2.r_1_trimmed_GRCm38	75.7	64438.0	552.0	1.47	1.74	4.29	48.43	0.0	0.37	49.0	64.0	0.0	62955.0	1937552.0	30702.0	0	0.0	2559617.0	29179	0.01	1.14	17.67	452377.0	867.0	109807	1.2
SLX-11165.ORDRC08.HFN3MBBXX.s_5.r_1_trimmed_GRCm38	75.81	67675.0	517.0	1.46	1.85	4.22	48.43	0.01	0.38	49.0	80.0	0.0	66009.0	2053140.0	32107.0	0	0.0	2708278.0	33569	0.01	1.24	17.55	475218.0	1069.0	114244	1.19
SLX-11165.ORDRC08.HFN3MBBXX.s_6.r_1_trimmed_GRCm38	75.97	70426.0	583.0	1.47	1.8	4.19	48.44	0.01	0.37	49.0	82.0	0.0	68764.0	2113467.0	33008.0	0	0.0	2781930.0	32850	0.01	1.18	17.47	485960.0	997.0	116645	1.19
SLX-11165.ORDRC08.HFN3MBBXX.s_7.r_1_trimmed_GRCm38	75.85	68895.0	553.0	1.45	1.79	4.22	48.43	0.0	0.36	49.0	67.0	0.0	67300.0	2061903.0	32069.0	0	0.0	2718468.0	33181	0.01	1.22	17.53	476543.0	975.0	114772	1.18
SLX-11165.ORDRC09.HFMVTBBXX.s_1.r_1_trimmed_GRCm38	77.9	97772.0	711.0	1.41	1.53	3.41	48.59	0.0	0.43	49.0	121.0	0.0	96056.0	2368274.0	25266.0	0	0.0	3040058.0	36462	0.01	1.2	16.66	506442.0	884.0	103614	0.83
SLX-11165.ORDRC09.HFMVTBBXX.s_2.r_1_trimmed_GRCm38	78.15	101613.0	794.0	1.44	1.52	3.34	48.61	0.0	0.42	49.0	152.0	0.0	99770.0	2416092.0	25394.0	0	0.0	3091498.0	34635	0.01	1.12	16.56	512091.0	897.0	103286	0.82
SLX-11165.ORDRC09.HFN3MBBXX.s_5.r_1_trimmed_GRCm38	78.3	107932.0	788.0	1.43	1.54	3.33	48.61	0.0	0.42	49.0	170.0	0.0	106031.0	2602281.0	27206.0	0	0.0	3323463.0	41223	0.01	1.24	16.31	542048.0	943.0	110705	0.82
SLX-11165.ORDRC09.HFN3MBBXX.s_6.r_1_trimmed_GRCm38	78.42	110847.0	755.0	1.42	1.49	3.27	48.62	0.0	0.41	49.0	134.0	0.0	108944.0	2670795.0	27743.0	0	0.0	3405751.0	39813	0.01	1.17	16.33	556127.0	1014.0	111273	0.81
SLX-11165.ORDRC09.HFN3MBBXX.s_7.r_1_trimmed_GRCm38	78.36	108597.0	781.0	1.42	1.51	3.31	48.61	0.0	0.4	49.0	149.0	0.0	106743.0	2596474.0	27221.0	0	0.0	3313630.0	40061	0.01	1.21	16.3	540286.0	924.0	109588	0.82
SLX-11165.ORDRC10.HFMVTBBXX.s_1.r_1_trimmed_GRCm38	78.29	97480.0	642.0	1.47	1.68	2.91	48.66	0.0	0.43	49.0	93.0	0.0	95832.0	2666384.0	26884.0	0	0.0	3405783.0	28237	0.01	0.83	17.18	585280.0	913.0	98998	0.79
SLX-11165.ORDRC10.HFMVTBBXX.s_2.r_1_trimmed_GRCm38	78.45	99259.0	705.0	1.45	1.65	2.86	48.67	0.0	0.42	49.0	98.0	0.0	97598.0	2717242.0	27388.0	0	0.0	3463821.0	27368	0.01	0.79	17.11	592744.0	858.0	99079	0.79
SLX-11165.ORDRC10.HFN3MBBXX.s_5.r_1_trimmed_GRCm38	78.65	105942.0	737.0	1.46	1.65	2.81	48.68	0.0	0.42	49.0	115.0	0.0	104058.0	2928999.0	29318.0	0	0.0	3724135.0	32029	0.01	0.86	16.89	629134.0	1032.0	104655	0.79
SLX-11165.ORDRC10.HFN3MBBXX.s_6.r_1_trimmed_GRCm38	78.73	109307.0	726.0	1.45	1.66	2.8	48.68	0.0	0.42	49.0	110.0	0.0	107474.0	3021500.0	29973.0	0	0.0	3837813.0	31502	0.01	0.82	16.87	647271.0	997.0	107567	0.78
SLX-11165.ORDRC10.HFN3MBBXX.s_7.r_1_trimmed_GRCm38	78.67	106009.0	752.0	1.45	1.66	2.81	48.67	0.0	0.4	49.0	116.0	0.0	104194.0	2926955.0	29418.0	0	0.0	3720443.0	32000	0.01	0.86	16.87	627510.0	947.0	104560	0.79
SLX-11165.ORDRC11.HFMVTBBXX.s_1.r_1_trimmed_GRCm38	80.21	57895.0	448.0	1.21	1.63	2.81	48.7	0.0	0.37	49.0	54.0	0.0	56599.0	2677446.0	16496.0	0	0.0	3338124.0	31707	0.01	0.95	15.54	518689.0	794.0	93786	0.49
SLX-11165.ORDRC11.HFMVTBBXX.s_2.r_1_trimmed_GRCm38	80.38	59238.0	465.0	1.22	1.53	2.76	48.72	0.0	0.36	49.0	62.0	0.0	57954.0	2737483.0	16526.0	0	0.0	3405861.0	30321	0.01	0.89	15.49	527500.0	757.0	94031	0.49
SLX-11165.ORDRC11.HFN3MBBXX.s_5.r_1_trimmed_GRCm38	80.46	63014.0	438.0	1.2	1.53	2.7	48.72	0.0	0.36	49.0	51.0	0.0	61689.0	2962895.0	18356.0	0	0.0	3682583.0	36785	0.01	1.0	15.35	565227.0	836.0	99320	0.5
SLX-11165.ORDRC11.HFN3MBBXX.s_6.r_1_trimmed_GRCm38	80.6	65028.0	538.0	1.22	1.53	2.67	48.73	0.0	0.36	49.0	64.0	0.0	63584.0	3040062.0	18584.0	0	0.0	3771733.0	35086	0.01	0.93	15.31	577270.0	842.0	100731	0.49
SLX-11165.ORDRC11.HFN3MBBXX.s_7.r_1_trimmed_GRCm38	80.55	63841.0	474.0	1.2	1.57	2.69	48.72	0.0	0.35	49.0	64.0	0.0	62436.0	2958896.0	17977.0	0	0.0	3673412.0	35635	0.01	0.97	15.3	562083.0	867.0	98821	0.49
SLX-11165.ORDRC12.HFMVTBBXX.s_1.r_1_trimmed_GRCm38	81.59	80646.0	480.0	1.25	1.5	2.59	48.77	0.0	0.34	49.0	50.0	0.0	79504.0	2464753.0	18659.0	0	0.0	3021056.0	27790	0.01	0.92	14.29	431621.0	612.0	78233	0.62
SLX-11165.ORDRC12.HFMVTBBXX.s_2.r_1_trimmed_GRCm38	81.77	83552.0	493.0	1.27	1.49	2.54	48.78	0.0	0.33	49.0	50.0	0.0	82378.0	2515823.0	18798.0	0	0.0	3076632.0	27059	0.01	0.88	14.2	436850.0	631.0	78102	0.61
SLX-11165.ORDRC12.HFN3MBBXX.s_5.r_1_trimmed_GRCm38	81.89	88393.0	543.0	1.27	1.45	2.5	48.78	0.0	0.33	49.0	58.0	0.0	87062.0	2719413.0	20477.0	0	0.0	3320775.0	31587	0.01	0.95	14.04	466173.0	730.0	83125	0.62
SLX-11165.ORDRC12.HFN3MBBXX.s_6.r_1_trimmed_GRCm38	81.95	89305.0	559.0	1.26	1.47	2.48	48.79	0.0	0.33	49.0	51.0	0.0	88015.0	2779526.0	20518.0	0	0.0	3391562.0	31230	0.01	0.92	14.04	476102.0	680.0	84186	0.6
SLX-11165.ORDRC12.HFN3MBBXX.s_7.r_1_trimmed_GRCm38	81.93	88326.0	569.0	1.27	1.46	2.51	48.79	0.0	0.32	49.0	45.0	0.0	87027.0	2706600.0	20239.0	0	0.0	3303511.0	31356	0.01	0.95	14.0	462471.0	685.0	82845	0.61
SLX-11165.ORDRD04.HFMVTBBXX.s_1.r_1_trimmed_GRCm38	82.47	87278.0	605.0	1.24	1.27	2.75	48.69	0.0	0.33	49.0	72.0	0.0	85394.0	2755359.0	18856.0	0	0.0	3340970.0	49169	0.0	1.47	12.74	425603.0	1207.0	91983	0.56
SLX-11165.ORDRD04.HFMVTBBXX.s_2.r_1_trimmed_GRCm38	82.66	89898.0	588.0	1.22	1.3	2.7	48.71	0.0	0.32	49.0	77.0	0.0	88003.0	2825791.0	19132.0	0	0.0	3418372.0	48248	0.0	1.41	12.66	432812.0	1230.0	92389	0.56
SLX-11165.ORDRD04.HFN3MBBXX.s_5.r_1_trimmed_GRCm38	82.7	93672.0	673.0	1.22	1.29	2.68	48.71	0.0	0.33	49.0	91.0	0.0	91542.0	2997466.0	20381.0	0	0.0	3624651.0	54036	0.0	1.49	12.57	455577.0	1366.0	97191	0.56
SLX-11165.ORDRD04.HFN3MBBXX.s_6.r_1_trimmed_GRCm38	82.82	96398.0	661.0	1.22	1.25	2.66	48.71	0.0	0.32	49.0	90.0	0.0	94291.0	3098287.0	20778.0	0	0.0	3740853.0	53396	0.0	1.43	12.54	469067.0	1356.0	99325	0.56
SLX-11165.ORDRD04.HFN3MBBXX.s_7.r_1_trimmed_GRCm38	82.76	94398.0	710.0	1.23	1.29	2.67	48.71	0.0	0.31	49.0	85.0	0.0	92276.0	3010799.0	20376.0	0	0.0	3637992.0	53416	0.0	1.47	12.54	456381.0	1327.0	97020	0.56
SLX-11165.ORDRD05.HFMVTBBXX.s_1.r_1_trimmed_GRCm38	82.44	27974.0	270.0	1.28	1.26	2.9	48.66	0.0	0.33	49.0	28.0	0.0	27312.0	1003530.0	7385.0	0	0.0	1217267.0	14846	0.0	1.22	12.83	156218.0	364.0	35288	0.61
SLX-11165.ORDRD05.HFMVTBBXX.s_2.r_1_trimmed_GRCm38	82.58	28557.0	259.0	1.26	1.26	2.86	48.68	0.0	0.32	49.0	28.0	0.0	27917.0	1022092.0	7518.0	0	0.0	1237669.0	14377	0.0	1.16	12.78	158234.0	353.0	35448	0.61
SLX-11165.ORDRD05.HFN3MBBXX.s_5.r_1_trimmed_GRCm38	82.63	30067.0	272.0	1.27	1.2	2.84	48.67	0.0	0.33	49.0	19.0	0.0	29372.0	1097553.0	8150.0	0	0.0	1328347.0	16213	0.0	1.22	12.7	168690.0	404.0	37741	0.61
SLX-11165.ORDRD05.HFN3MBBXX.s_6.r_1_trimmed_GRCm38	82.75	31095.0	257.0	1.26	1.28	2.79	48.68	0.0	0.32	49.0	23.0	0.0	30414.0	1134314.0	8465.0	0	0.0	1370798.0	16585	0.0	1.21	12.63	173192.0	401.0	38242	0.62
SLX-11165.ORDRD05.HFN3MBBXX.s_7.r_1_trimmed_GRCm38	82.64	30687.0	281.0	1.24	1.27	2.82	48.68	0.0	0.31	49.0	34.0	0.0	29944.0	1102906.0	8177.0	0	0.0	1334514.0	16661	0.0	1.25	12.68	169184.0	428.0	37586	0.61
SLX-11165.ORDRD06.HFMVTBBXX.s_1.r_1_trimmed_GRCm38	75.02	69013.0	495.0	1.45	2.02	3.28	48.61	0.01	0.49	49.0	56.0	0.0	67799.0	1742604.0	21568.0	0	0.0	2322914.0	21852	0.01	0.94	19.83	460642.0	663.0	76248	0.93
SLX-11165.ORDRD06.HFMVTBBXX.s_2.r_1_trimmed_GRCm38	75.15	70520.0	508.0	1.46	1.99	3.22	48.62	0.01	0.48	49.0	44.0	0.0	69361.0	1776831.0	21663.0	0	0.0	2364513.0	21262	0.01	0.9	19.82	468687.0	607.0	76070	0.92
SLX-11165.ORDRD06.HFN3MBBXX.s_5.r_1_trimmed_GRCm38	75.3	75393.0	540.0	1.47	2.03	3.19	48.63	0.01	0.48	49.0	54.0	0.0	74166.0	1911110.0	23369.0	0	0.0	2537866.0	24860	0.01	0.98	19.61	497605.0	633.0	80922	0.92
SLX-11165.ORDRD06.HFN3MBBXX.s_6.r_1_trimmed_GRCm38	75.4	77789.0	535.0	1.46	1.96	3.15	48.64	0.01	0.48	49.0	50.0	0.0	76515.0	1961022.0	24142.0	0	0.0	2600836.0	24668	0.01	0.95	19.58	509211.0	689.0	81793	0.93
SLX-11165.ORDRD06.HFN3MBBXX.s_7.r_1_trimmed_GRCm38	75.35	75681.0	553.0	1.46	1.97	3.17	48.62	0.0	0.46	49.0	65.0	0.0	74368.0	1907228.0	23427.0	0	0.0	2531119.0	24540	0.01	0.97	19.59	495727.0	695.0	80197	0.93
SLX-11165.ORDRD07.HFMVTBBXX.s_1.r_1_trimmed_GRCm38	76.02	29825.0	163.0	1.34	1.25	7.54	48.38	0.0	0.42	49.0	23.0	0.0	29030.0	1865954.0	10288.0	0	0.0	2454629.0	22348	0.0	0.91	15.11	370872.0	609.0	185167	0.42
SLX-11165.ORDRD07.HFMVTBBXX.s_2.r_1_trimmed_GRCm38	76.1	29936.0	141.0	1.35	1.24	7.54	48.39	0.0	0.41	49.0	21.0	0.0	29132.0	1905134.0	10418.0	0	0.0	2503385.0	20799	0.0	0.83	15.1	378089.0	642.0	188945	0.42
SLX-11165.ORDRD07.HFN3MBBXX.s_5.r_1_trimmed_GRCm38	76.34	31655.0	155.0	1.34	1.26	7.33	48.39	0.0	0.41	49.0	29.0	0.0	30829.0	2037910.0	11351.0	0	0.0	2669489.0	25083	0.0	0.94	14.97	399547.0	642.0	195598	0.43
SLX-11165.ORDRD07.HFN3MBBXX.s_6.r_1_trimmed_GRCm38	76.42	32671.0	179.0	1.31	1.23	7.31	48.4	0.0	0.41	49.0	22.0	0.0	31810.0	2101436.0	11416.0	0	0.0	2749870.0	23926	0.0	0.87	14.98	412061.0	660.0	201031	0.42
SLX-11165.ORDRD07.HFN3MBBXX.s_7.r_1_trimmed_GRCm38	76.42	32226.0	136.0	1.34	1.27	7.34	48.39	0.0	0.4	49.0	16.0	0.0	31436.0	2044268.0	10998.0	0	0.0	2675205.0	24336	0.0	0.91	14.93	399307.0	638.0	196296	0.41
SLX-11165.ORDRD08.HFMVTBBXX.s_1.r_1_trimmed_GRCm38	72.17	33784.0	289.0	1.31	2.08	3.87	48.48	0.01	0.54	49.0	55.0	0.0	32851.0	1774122.0	18351.0	0	0.0	2458149.0	19203	0.01	0.78	22.42	551195.0	589.0	95278	0.75
SLX-11165.ORDRD08.HFMVTBBXX.s_2.r_1_trimmed_GRCm38	72.34	34429.0	303.0	1.32	1.98	3.84	48.5	0.01	0.54	49.0	47.0	0.0	33476.0	1807819.0	18156.0	0	0.0	2499162.0	18236	0.01	0.73	22.37	559025.0	603.0	95926	0.73
SLX-11165.ORDRD08.HFN3MBBXX.s_5.r_1_trimmed_GRCm38	72.71	37336.0	356.0	1.33	2.03	3.74	48.51	0.01	0.53	49.0	48.0	0.0	36245.0	1967793.0	19685.0	0	0.0	2706238.0	21666	0.01	0.8	22.02	595808.0	687.0	101286	0.73
SLX-11165.ORDRD08.HFN3MBBXX.s_6.r_1_trimmed_GRCm38	72.79	38175.0	362.0	1.32	2.04	3.72	48.52	0.01	0.53	49.0	44.0	0.0	37065.0	2027195.0	20318.0	0	0.0	2784813.0	21162	0.01	0.76	22.0	612555.0	704.0	103583	0.73
SLX-11165.ORDRD08.HFN3MBBXX.s_7.r_1_trimmed_GRCm38	72.64	37091.0	338.0	1.32	2.05	3.73	48.51	0.01	0.52	49.0	46.0	0.0	36005.0	1959559.0	19782.0	0	0.0	2697465.0	21852	0.01	0.81	22.08	595646.0	702.0	100626	0.73
SLX-11165.ORDRD09.HFMVTBBXX.s_1.r_1_trimmed_GRCm38	78.08	63933.0	495.0	1.3	1.7	3.44	48.64	0.0	0.4	49.0	74.0	0.0	62535.0	2177807.0	27847.0	0	0.0	2789333.0	28475	0.01	1.02	16.46	459172.0	829.0	96032	1.0
SLX-11165.ORDRD09.HFMVTBBXX.s_2.r_1_trimmed_GRCm38	78.12	64869.0	484.0	1.31	1.69	3.38	48.66	0.0	0.38	49.0	74.0	0.0	63568.0	2211614.0	28275.0	0	0.0	2831158.0	28309	0.01	1.0	16.5	467275.0	743.0	95685	1.0
SLX-11165.ORDRD09.HFN3MBBXX.s_5.r_1_trimmed_GRCm38	78.35	69955.0	565.0	1.31	1.67	3.33	48.67	0.0	0.39	49.0	65.0	0.0	68469.0	2396625.0	30103.0	0	0.0	3058754.0	31809	0.01	1.04	16.29	498365.0	856.0	101852	0.98
SLX-11165.ORDRD09.HFN3MBBXX.s_6.r_1_trimmed_GRCm38	78.46	72098.0	538.0	1.31	1.68	3.28	48.67	0.0	0.38	49.0	86.0	0.0	70594.0	2472747.0	31033.0	0	0.0	3151473.0	31859	0.01	1.01	16.26	512370.0	880.0	103464	0.98
SLX-11165.ORDRD09.HFN3MBBXX.s_7.r_1_trimmed_GRCm38	78.38	70550.0	553.0	1.29	1.63	3.33	48.67	0.0	0.37	49.0	67.0	0.0	69045.0	2395205.0	30031.0	0	0.0	3055711.0	32020	0.01	1.05	16.26	496907.0	885.0	101548	0.98
SLX-11165.ORDRD10.HFMVTBBXX.s_1.r_1_trimmed_GRCm38	77.08	103830.0	918.0	1.45	1.51	3.41	48.46	0.0	0.39	49.0	84.0	0.0	101530.0	3344059.0	33847.0	0	0.0	4338313.0	46888	0.01	1.08	17.64	765475.0	1298.0	148044	0.78
SLX-11165.ORDRD10.HFMVTBBXX.s_2.r_1_trimmed_GRCm38	77.26	104865.0	909.0	1.46	1.45	3.32	48.48	0.0	0.38	49.0	109.0	0.0	102475.0	3402676.0	33450.0	0	0.0	4404300.0	47229	0.01	1.07	17.58	774404.0	1372.0	146541	0.76
SLX-11165.ORDRD10.HFN3MBBXX.s_5.r_1_trimmed_GRCm38	77.54	112872.0	969.0	1.44	1.5	3.27	48.49	0.0	0.39	49.0	93.0	0.0	110416.0	3688039.0	36361.0	0	0.0	4756070.0	50953	0.01	1.07	17.35	825001.0	1394.0	155716	0.76
SLX-11165.ORDRD10.HFN3MBBXX.s_6.r_1_trimmed_GRCm38	77.65	117173.0	1011.0	1.45	1.48	3.2	48.5	0.0	0.38	49.0	123.0	0.0	114570.0	3804876.0	37218.0	0	0.0	4900090.0	50909	0.01	1.04	17.36	850443.0	1469.0	156644	0.76
SLX-11165.ORDRD10.HFN3MBBXX.s_7.r_1_trimmed_GRCm38	77.48	113184.0	989.0	1.48	1.46	3.28	48.48	0.0	0.37	49.0	104.0	0.0	110629.0	3685174.0	36247.0	0	0.0	4756388.0	52268	0.01	1.1	17.38	826847.0	1462.0	155852	0.76
SLX-11165.ORDRD11.HFMVTBBXX.s_1.r_1_trimmed_GRCm38	85.69	69159.0	531.0	1.27	1.26	2.12	48.84	0.0	0.28	49.0	42.0	0.0	67763.0	2760512.0	22209.0	0	0.0	3221388.0	49004	0.0	1.52	9.97	321316.0	823.0	68347	0.69
SLX-11165.ORDRD11.HFMVTBBXX.s_2.r_1_trimmed_GRCm38	85.97	69994.0	521.0	1.29	1.25	2.03	48.86	0.0	0.27	49.0	41.0	0.0	68619.0	2815292.0	21884.0	0	0.0	3274798.0	48166	0.0	1.47	9.86	322941.0	813.0	66515	0.67
SLX-11165.ORDRD11.HFN3MBBXX.s_5.r_1_trimmed_GRCm38	85.88	75571.0	521.0	1.29	1.24	2.04	48.86	0.0	0.28	49.0	47.0	0.0	74150.0	3040143.0	23713.0	0	0.0	3539793.0	55213	0.0	1.56	9.85	348523.0	853.0	72201	0.67
SLX-11165.ORDRD11.HFN3MBBXX.s_6.r_1_trimmed_GRCm38	86.07	77135.0	493.0	1.28	1.25	1.99	48.87	0.0	0.27	49.0	37.0	0.0	75689.0	3127979.0	24208.0	0	0.0	3634331.0	54464	0.0	1.5	9.78	355425.0	916.0	72255	0.67
SLX-11165.ORDRD11.HFN3MBBXX.s_7.r_1_trimmed_GRCm38	85.96	74943.0	554.0	1.3	1.27	2.03	48.86	0.0	0.26	49.0	58.0	0.0	73453.0	3033706.0	23916.0	0	0.0	3529346.0	54370	0.0	1.54	9.79	345684.0	878.0	71670	0.68
SLX-11165.ORDRD12.HFMVTBBXX.s_1.r_1_trimmed_GRCm38	87.19	89571.0	652.0	1.31	1.21	1.6	48.95	0.0	0.26	49.0	49.0	0.0	88046.0	3484722.0	28126.0	0	0.0	3996793.0	58807	0.0	1.47	9.04	361130.0	824.0	64008	0.7
SLX-11165.ORDRD12.HFMVTBBXX.s_2.r_1_trimmed_GRCm38	87.37	91895.0	630.0	1.3	1.19	1.55	48.97	0.0	0.25	49.0	67.0	0.0	90426.0	3553629.0	28336.0	0	0.0	4067338.0	58644	0.0	1.44	8.94	363606.0	772.0	63123	0.7
SLX-11165.ORDRD12.HFN3MBBXX.s_5.r_1_trimmed_GRCm38	87.34	98500.0	710.0	1.28	1.22	1.55	48.96	0.0	0.25	49.0	69.0	0.0	96720.0	3835889.0	30793.0	0	0.0	4391762.0	65746	0.0	1.5	8.91	391397.0	1001.0	67937	0.7
SLX-11165.ORDRD12.HFN3MBBXX.s_6.r_1_trimmed_GRCm38	87.45	101303.0	669.0	1.3	1.24	1.5	48.97	0.0	0.25	49.0	47.0	0.0	99706.0	3961873.0	31721.0	0	0.0	4530680.0	66983	0.0	1.48	8.88	402215.0	881.0	67888	0.7
SLX-11165.ORDRD12.HFN3MBBXX.s_7.r_1_trimmed_GRCm38	87.36	98177.0	695.0	1.29	1.21	1.54	48.96	0.0	0.24	49.0	50.0	0.0	96559.0	3837423.0	30552.0	0	0.0	4392903.0	66002	0.0	1.5	8.9	391164.0	873.0	67762	0.7
SLX-11165.ORDRE04.HFMVTBBXX.s_1.r_1_trimmed_GRCm38	75.98	131300.0	970.0	1.28	1.93	3.59	48.6	0.01	0.42	49.0	148.0	0.0	128840.0	3519393.0	47433.0	0	0.0	4632197.0	47183	0.01	1.02	18.4	852124.0	1342.0	166064	1.02
SLX-11165.ORDRE04.HFMVTBBXX.s_2.r_1_trimmed_GRCm38	76.06	133643.0	1005.0	1.29	1.9	3.55	48.61	0.01	0.41	49.0	173.0	0.0	131143.0	3583913.0	47750.0	0	0.0	4711847.0	46149	0.01	0.98	18.4	866862.0	1322.0	167173	1.01
SLX-11165.ORDRE04.HFN3MBBXX.s_5.r_1_trimmed_GRCm38	76.27	143099.0	1068.0	1.28	1.89	3.5	48.61	0.01	0.42	49.0	176.0	0.0	140419.0	3854243.0	51991.0	0	0.0	5053578.0	52080	0.01	1.03	18.17	918291.0	1436.0	176973	1.03
SLX-11165.ORDRE04.HFN3MBBXX.s_6.r_1_trimmed_GRCm38	76.3	148573.0	1144.0	1.29	1.89	3.48	48.62	0.01	0.41	49.0	177.0	0.0	145734.0	3984956.0	53222.0	0	0.0	5222768.0	52817	0.01	1.01	18.19	949790.0	1518.0	181983	1.02
SLX-11165.ORDRE04.HFN3MBBXX.s_7.r_1_trimmed_GRCm38	76.26	143519.0	1053.0	1.28	1.92	3.49	48.61	0.01	0.4	49.0	170.0	0.0	140812.0	3859503.0	51595.0	0	0.0	5060825.0	52630	0.01	1.04	18.19	920482.0	1484.0	176615	1.02
SLX-11165.ORDRE06.HFMVTBBXX.s_1.r_1_trimmed_GRCm38	83.38	33006.0	302.0	1.32	1.51	2.82	48.7	0.0	0.35	49.0	36.0	0.0	32023.0	1537412.0	13330.0	0	0.0	1843897.0	29133	0.0	1.58	11.5	212024.0	645.0	51998	0.72
SLX-11165.ORDRE06.HFMVTBBXX.s_2.r_1_trimmed_GRCm38	83.53	33466.0	297.0	1.3	1.52	2.79	48.72	0.0	0.34	49.0	18.0	0.0	32545.0	1570515.0	13257.0	0	0.0	1880212.0	29315	0.0	1.56	11.42	214696.0	606.0	52429	0.71
SLX-11165.ORDRE06.HFN3MBBXX.s_5.r_1_trimmed_GRCm38	83.55	36007.0	318.0	1.29	1.55	2.76	48.72	0.0	0.34	49.0	32.0	0.0	34940.0	1693705.0	14200.0	0	0.0	2027134.0	33058	0.0	1.63	11.36	230195.0	717.0	55976	0.7
SLX-11165.ORDRE06.HFN3MBBXX.s_6.r_1_trimmed_GRCm38	83.65	36660.0	322.0	1.31	1.51	2.71	48.72	0.0	0.34	49.0	23.0	0.0	35634.0	1741839.0	14797.0	0	0.0	2082183.0	33366	0.0	1.6	11.32	235666.0	681.0	56515	0.71
SLX-11165.ORDRE06.HFN3MBBXX.s_7.r_1_trimmed_GRCm38	83.57	35748.0	312.0	1.31	1.51	2.74	48.72	0.0	0.32	49.0	25.0	0.0	34716.0	1691201.0	14823.0	0	0.0	2023735.0	33189	0.0	1.64	11.32	229072.0	695.0	55450	0.73
SLX-11165.ORDRE07.HFMVTBBXX.s_1.r_1_trimmed_GRCm38	77.63	73164.0	527.0	1.29	1.56	3.43	48.6	0.0	0.41	49.0	58.0	0.0	71665.0	2353733.0	18249.0	0	0.0	3031848.0	31521	0.01	1.04	17.3	524385.0	914.0	103960	0.6
SLX-11165.ORDRE07.HFMVTBBXX.s_2.r_1_trimmed_GRCm38	77.74	74506.0	569.0	1.29	1.55	3.38	48.62	0.0	0.4	49.0	62.0	0.0	73037.0	2393789.0	18473.0	0	0.0	3079063.0	30835	0.01	1.0	17.27	531744.0	838.0	104222	0.6
SLX-11165.ORDRE07.HFN3MBBXX.s_5.r_1_trimmed_GRCm38	77.88	79535.0	609.0	1.29	1.59	3.35	48.62	0.0	0.4	49.0	67.0	0.0	77890.0	2582538.0	20191.0	0	0.0	3315936.0	35135	0.01	1.06	17.1	567034.0	969.0	111038	0.61
SLX-11165.ORDRE07.HFN3MBBXX.s_6.r_1_trimmed_GRCm38	78.01	82864.0	614.0	1.28	1.55	3.3	48.62	0.0	0.4	49.0	80.0	0.0	81122.0	2677054.0	20603.0	0	0.0	3431558.0	35340	0.01	1.03	17.06	585336.0	1048.0	113225	0.6
SLX-11165.ORDRE07.HFN3MBBXX.s_7.r_1_trimmed_GRCm38	77.91	79973.0	593.0	1.3	1.58	3.34	48.62	0.0	0.39	49.0	63.0	0.0	78354.0	2580803.0	20073.0	0	0.0	3312537.0	35429	0.01	1.07	17.08	565640.0	963.0	110592	0.61
SLX-11165.ORDRE08.HFMVTBBXX.s_1.r_1_trimmed_GRCm38	75.94	38078.0	303.0	1.3	1.83	3.37	48.54	0.01	0.48	49.0	48.0	0.0	37110.0	1848540.0	14435.0	0	0.0	2434192.0	21148	0.01	0.87	19.23	468152.0	617.0	81917	0.59
SLX-11165.ORDRE08.HFMVTBBXX.s_2.r_1_trimmed_GRCm38	76.07	38747.0	299.0	1.3	1.81	3.3	48.56	0.01	0.47	49.0	34.0	0.0	37844.0	1877095.0	14385.0	0	0.0	2467558.0	20258	0.01	0.82	19.22	474294.0	570.0	81526	0.58
SLX-11165.ORDRE08.HFN3MBBXX.s_5.r_1_trimmed_GRCm38	76.34	41513.0	342.0	1.3	1.76	3.24	48.57	0.01	0.47	49.0	48.0	0.0	40476.0	2041656.0	15641.0	0	0.0	2674296.0	24620	0.01	0.92	18.91	505676.0	647.0	86703	0.58
SLX-11165.ORDRE08.HFN3MBBXX.s_6.r_1_trimmed_GRCm38	76.46	42840.0	349.0	1.3	1.81	3.21	48.58	0.01	0.47	49.0	46.0	0.0	41745.0	2102564.0	15983.0	0	0.0	2749722.0	23690	0.01	0.86	18.88	519059.0	700.0	88426	0.58
SLX-11165.ORDRE08.HFN3MBBXX.s_7.r_1_trimmed_GRCm38	76.34	41985.0	304.0	1.3	1.82	3.25	48.57	0.01	0.45	49.0	52.0	0.0	41015.0	2037366.0	15708.0	0	0.0	2668763.0	24250	0.01	0.91	18.92	504831.0	614.0	86608	0.59
SLX-11165.ORDRE09.HFMVTBBXX.s_1.r_1_trimmed_GRCm38	81.54	70174.0	490.0	1.39	1.43	2.56	48.71	0.0	0.36	49.0	130.0	0.0	68926.0	2060138.0	18964.0	0	0.0	2526490.0	23248	0.0	0.92	14.23	359449.0	628.0	64691	0.75
SLX-11165.ORDRE09.HFMVTBBXX.s_2.r_1_trimmed_GRCm38	81.67	71574.0	540.0	1.41	1.41	2.51	48.73	0.0	0.35	49.0	116.0	0.0	70234.0	2101925.0	19061.0	0	0.0	2573621.0	22420	0.0	0.87	14.2	365531.0	684.0	64684	0.74
SLX-11165.ORDRE09.HFN3MBBXX.s_5.r_1_trimmed_GRCm38	81.82	76839.0	633.0	1.42	1.46	2.48	48.74	0.0	0.35	49.0	104.0	0.0	75348.0	2269986.0	20586.0	0	0.0	2774224.0	26319	0.0	0.95	14.01	388627.0	754.0	68706	0.74
SLX-11165.ORDRE09.HFN3MBBXX.s_6.r_1_trimmed_GRCm38	81.95	79245.0	658.0	1.42	1.43	2.43	48.74	0.0	0.35	49.0	131.0	0.0	77712.0	2349669.0	21231.0	0	0.0	2867175.0	25547	0.0	0.89	13.99	400975.0	744.0	69753	0.74
SLX-11165.ORDRE09.HFN3MBBXX.s_7.r_1_trimmed_GRCm38	81.85	77125.0	605.0	1.42	1.44	2.47	48.74	0.0	0.33	49.0	118.0	0.0	75678.0	2270061.0	20488.0	0	0.0	2773365.0	26080	0.0	0.94	14.0	388208.0	724.0	68528	0.74
SLX-11165.ORDRE10.HFMVTBBXX.s_1.r_1_trimmed_GRCm38	81.49	73266.0	586.0	1.32	1.54	2.52	48.73	0.0	0.36	49.0	114.0	0.0	71817.0	2489339.0	19584.0	0	0.0	3054736.0	29951	0.01	0.98	14.37	438844.0	749.0	77018	0.64
SLX-11165.ORDRE10.HFMVTBBXX.s_2.r_1_trimmed_GRCm38	81.67	75321.0	637.0	1.33	1.55	2.44	48.75	0.0	0.35	49.0	103.0	0.0	73798.0	2532218.0	19519.0	0	0.0	3100387.0	29115	0.01	0.94	14.32	443960.0	783.0	75575	0.63
SLX-11165.ORDRE10.HFN3MBBXX.s_5.r_1_trimmed_GRCm38	81.71	81004.0	610.0	1.31	1.52	2.43	48.75	0.0	0.36	49.0	115.0	0.0	79412.0	2753208.0	21646.0	0	0.0	3369598.0	35119	0.0	1.04	14.17	477568.0	867.0	82057	0.64
SLX-11165.ORDRE10.HFN3MBBXX.s_6.r_1_trimmed_GRCm38	81.82	83513.0	635.0	1.32	1.54	2.39	48.76	0.0	0.35	49.0	141.0	0.0	81877.0	2851276.0	21688.0	0	0.0	3485027.0	34520	0.01	0.99	14.18	494207.0	860.0	83336	0.62
SLX-11165.ORDRE10.HFN3MBBXX.s_7.r_1_trimmed_GRCm38	81.77	81038.0	652.0	1.33	1.51	2.43	48.75	0.0	0.34	49.0	118.0	0.0	79416.0	2753040.0	21299.0	0	0.0	3366686.0	34341	0.01	1.02	14.14	476195.0	852.0	81811	0.63
SLX-11165.ORDRE11.HFMVTBBXX.s_1.r_1_trimmed_GRCm38	85.84	57472.0	389.0	1.31	1.26	2.26	48.85	0.0	0.28	49.0	47.0	0.0	56287.0	2789224.0	21455.0	0	0.0	3249417.0	47731	0.0	1.47	9.77	317625.0	749.0	73382	0.66
SLX-11165.ORDRE11.HFMVTBBXX.s_2.r_1_trimmed_GRCm38	86.05	58216.0	398.0	1.3	1.22	2.18	48.87	0.0	0.27	49.0	56.0	0.0	57033.0	2844045.0	21598.0	0	0.0	3305104.0	48324	0.0	1.46	9.65	318982.0	729.0	72155	0.65
SLX-11165.ORDRE11.HFN3MBBXX.s_5.r_1_trimmed_GRCm38	86.16	62789.0	451.0	1.28	1.22	2.16	48.87	0.0	0.28	49.0	54.0	0.0	61493.0	3073506.0	23139.0	0	0.0	3567174.0	51790	0.0	1.45	9.58	341591.0	791.0	77148	0.65
SLX-11165.ORDRE11.HFN3MBBXX.s_6.r_1_trimmed_GRCm38	86.28	64585.0	461.0	1.3	1.24	2.11	48.87	0.0	0.27	49.0	58.0	0.0	63288.0	3159328.0	23793.0	0	0.0	3661581.0	51976	0.0	1.42	9.54	349252.0	778.0	77232	0.65
SLX-11165.ORDRE11.HFN3MBBXX.s_7.r_1_trimmed_GRCm38	86.13	63222.0	451.0	1.3	1.24	2.17	48.86	0.0	0.26	49.0	61.0	0.0	61950.0	3072729.0	23153.0	0	0.0	3567515.0	52680	0.0	1.48	9.58	341712.0	760.0	77241	0.65
SLX-11165.ORDRE12.HFMVTBBXX.s_1.r_1_trimmed_GRCm38	86.6	53031.0	409.0	1.25	1.32	2.08	48.85	0.0	0.28	49.0	70.0	0.0	51792.0	2556935.0	16867.0	0	0.0	2952479.0	42200	0.0	1.43	9.32	275094.0	760.0	61383	0.57
SLX-11165.ORDRE12.HFMVTBBXX.s_2.r_1_trimmed_GRCm38	86.79	53752.0	412.0	1.22	1.29	2.02	48.87	0.0	0.27	49.0	59.0	0.0	52526.0	2604546.0	17162.0	0	0.0	3000892.0	42018	0.0	1.4	9.22	276539.0	755.0	60627	0.57
SLX-11165.ORDRE12.HFN3MBBXX.s_5.r_1_trimmed_GRCm38	86.76	57800.0	401.0	1.22	1.31	2.03	48.87	0.0	0.27	49.0	57.0	0.0	56457.0	2820192.0	18787.0	0	0.0	3250609.0	46754	0.0	1.44	9.2	298965.0	885.0	65911	0.58
SLX-11165.ORDRE12.HFN3MBBXX.s_6.r_1_trimmed_GRCm38	86.89	60384.0	435.0	1.23	1.29	1.99	48.87	0.0	0.27	49.0	68.0	0.0	59007.0	2920093.0	18946.0	0	0.0	3360751.0	47057	0.0	1.4	9.16	307767.0	874.0	66888	0.56
SLX-11165.ORDRE12.HFN3MBBXX.s_7.r_1_trimmed_GRCm38	86.86	58257.0	406.0	1.22	1.3	2.02	48.87	0.0	0.26	49.0	78.0	0.0	56898.0	2826121.0	18439.0	0	0.0	3253786.0	46843	0.0	1.44	9.12	296672.0	875.0	65711	0.57
SLX-11165.ORDRF04.HFMVTBBXX.s_1.r_1_trimmed_GRCm38	78.19	70189.0	537.0	1.33	1.7	3.21	48.62	0.0	0.41	49.0	78.0	0.0	68832.0	1990812.0	25795.0	0	0.0	2546185.0	32651	0.01	1.28	16.3	415044.0	742.0	81883	1.01
SLX-11165.ORDRF04.HFMVTBBXX.s_2.r_1_trimmed_GRCm38	78.34	72079.0	520.0	1.32	1.69	3.16	48.64	0.0	0.41	49.0	56.0	0.0	70703.0	2019670.0	25992.0	0	0.0	2578129.0	32441	0.01	1.26	16.24	418665.0	800.0	81361	1.01
SLX-11165.ORDRF04.HFN3MBBXX.s_5.r_1_trimmed_GRCm38	78.45	77605.0	606.0	1.32	1.67	3.12	48.63	0.0	0.41	49.0	67.0	0.0	75997.0	2203361.0	28190.0	0	0.0	2808681.0	37353	0.01	1.33	16.1	452151.0	935.0	87626	1.0
SLX-11165.ORDRF04.HFN3MBBXX.s_6.r_1_trimmed_GRCm38	78.49	79822.0	569.0	1.32	1.68	3.1	48.64	0.0	0.4	49.0	83.0	0.0	78303.0	2275978.0	29122.0	0	0.0	2899741.0	37386	0.01	1.29	16.12	467411.0	867.0	89844	1.0
SLX-11165.ORDRF04.HFN3MBBXX.s_7.r_1_trimmed_GRCm38	78.43	77439.0	597.0	1.32	1.68	3.12	48.64	0.0	0.39	49.0	63.0	0.0	75921.0	2199886.0	28565.0	0	0.0	2804950.0	37580	0.01	1.34	16.09	451419.0	858.0	87500	1.02
SLX-11165.ORDRF05.HFMVTBBXX.s_1.r_1_trimmed_GRCm38	78.51	41581.0	394.0	1.29	1.7	3.52	48.56	0.0	0.43	49.0	46.0	0.0	40547.0	1497752.0	10726.0	0	0.0	1907740.0	20061	0.01	1.05	16.35	311949.0	594.0	67252	0.56
SLX-11165.ORDRF05.HFMVTBBXX.s_2.r_1_trimmed_GRCm38	78.66	42372.0	374.0	1.28	1.76	3.5	48.58	0.01	0.43	49.0	48.0	0.0	41352.0	1534765.0	10843.0	0	0.0	1951068.0	20298	0.01	1.04	16.24	316852.0	598.0	68310	0.56
SLX-11165.ORDRF05.HFN3MBBXX.s_5.r_1_trimmed_GRCm38	78.74	44689.0	365.0	1.29	1.74	3.43	48.58	0.01	0.43	49.0	60.0	0.0	43610.0	1637286.0	11719.0	0	0.0	2079256.0	22474	0.01	1.08	16.18	336403.0	654.0	71374	0.56
SLX-11165.ORDRF05.HFN3MBBXX.s_6.r_1_trimmed_GRCm38	78.86	46447.0	407.0	1.28	1.73	3.42	48.59	0.01	0.42	49.0	60.0	0.0	45332.0	1698054.0	11990.0	0	0.0	2153379.0	22659	0.01	1.05	16.11	346874.0	648.0	73802	0.56
SLX-11165.ORDRF05.HFN3MBBXX.s_7.r_1_trimmed_GRCm38	78.83	45560.0	419.0	1.27	1.72	3.44	48.59	0.01	0.41	49.0	51.0	0.0	44398.0	1643758.0	11578.0	0	0.0	2085223.0	22525	0.01	1.08	16.1	335617.0	692.0	71745	0.56
SLX-11165.ORDRF06.HFMVTBBXX.s_1.r_1_trimmed_GRCm38	75.93	40509.0	274.0	1.43	1.65	3.44	48.48	0.0	0.44	49.0	33.0	0.0	39798.0	1112934.0	13702.0	0	0.0	1465739.0	14075	0.01	0.96	18.73	274594.0	404.0	50434	0.93
SLX-11165.ORDRF06.HFMVTBBXX.s_2.r_1_trimmed_GRCm38	76.05	41419.0	257.0	1.44	1.68	3.4	48.5	0.0	0.43	49.0	37.0	0.0	40672.0	1136126.0	13946.0	0	0.0	1493827.0	13768	0.01	0.92	18.68	279107.0	453.0	50880	0.93
SLX-11165.ORDRF06.HFN3MBBXX.s_5.r_1_trimmed_GRCm38	76.22	43608.0	239.0	1.44	1.66	3.36	48.5	0.0	0.43	49.0	34.0	0.0	42917.0	1204046.0	14602.0	0	0.0	1579739.0	15633	0.01	0.99	18.51	292401.0	418.0	53057	0.92
SLX-11165.ORDRF06.HFN3MBBXX.s_6.r_1_trimmed_GRCm38	76.28	44792.0	306.0	1.42	1.61	3.33	48.51	0.0	0.43	49.0	50.0	0.0	43980.0	1243788.0	14840.0	0	0.0	1630466.0	15662	0.01	0.96	18.51	301849.0	456.0	54327	0.91
SLX-11165.ORDRF06.HFN3MBBXX.s_7.r_1_trimmed_GRCm38	76.21	44023.0	287.0	1.43	1.58	3.36	48.5	0.0	0.41	49.0	51.0	0.0	43198.0	1205695.0	14589.0	0	0.0	1582116.0	15500	0.01	0.98	18.53	293190.0	487.0	53142	0.92
SLX-11165.ORDRF07.HFMVTBBXX.s_1.r_1_trimmed_GRCm38	85.04	42872.0	651.0	1.2	1.32	2.32	48.75	0.0	0.29	49.0	121.0	0.0	41381.0	2264185.0	15953.0	0	0.0	2662413.0	31685	0.0	1.19	10.85	288819.0	719.0	61771	0.6
SLX-11165.ORDRF07.HFMVTBBXX.s_2.r_1_trimmed_GRCm38	85.17	43158.0	629.0	1.22	1.32	2.28	48.76	0.0	0.27	49.0	113.0	0.0	41623.0	2299440.0	15775.0	0	0.0	2699829.0	31581	0.0	1.17	10.8	291492.0	793.0	61541	0.58
SLX-11165.ORDRF07.HFN3MBBXX.s_5.r_1_trimmed_GRCm38	85.18	47229.0	657.0	1.2	1.34	2.24	48.77	0.0	0.28	49.0	94.0	0.0	45599.0	2510946.0	17377.0	0	0.0	2947759.0	35939	0.0	1.22	10.77	317512.0	879.0	65985	0.59
SLX-11165.ORDRF07.HFN3MBBXX.s_6.r_1_trimmed_GRCm38	85.31	48282.0	684.0	1.23	1.33	2.22	48.77	0.0	0.28	49.0	105.0	0.0	46603.0	2596148.0	18023.0	0	0.0	3043228.0	36516	0.0	1.2	10.68	324987.0	890.0	67554	0.59
SLX-11165.ORDRF07.HFN3MBBXX.s_7.r_1_trimmed_GRCm38	85.19	47124.0	612.0	1.2	1.32	2.25	48.76	0.0	0.27	49.0	108.0	0.0	45537.0	2512677.0	17371.0	0	0.0	2949523.0	36293	0.0	1.23	10.74	316792.0	867.0	66390	0.59
SLX-11165.ORDRF08.HFMVTBBXX.s_1.r_1_trimmed_GRCm38	78.17	83791.0	585.0	1.42	1.66	3.27	48.57	0.0	0.4	49.0	75.0	0.0	82243.0	2251876.0	24013.0	0	0.0	2880581.0	35176	0.01	1.22	16.5	475234.0	888.0	94282	0.83
SLX-11165.ORDRF08.HFMVTBBXX.s_2.r_1_trimmed_GRCm38	78.38	84716.0	621.0	1.44	1.67	3.23	48.6	0.0	0.39	49.0	78.0	0.0	83149.0	2281812.0	24264.0	0	0.0	2911037.0	33510	0.01	1.15	16.4	477330.0	868.0	94121	0.83
SLX-11165.ORDRF08.HFN3MBBXX.s_5.r_1_trimmed_GRCm38	78.57	91228.0	689.0	1.4	1.64	3.17	48.6	0.0	0.4	49.0	84.0	0.0	89448.0	2482960.0	26642.0	0	0.0	3160237.0	40148	0.01	1.27	16.15	510274.0	1007.0	100213	0.84
SLX-11165.ORDRF08.HFN3MBBXX.s_6.r_1_trimmed_GRCm38	78.7	93441.0	683.0	1.43	1.65	3.13	48.6	0.0	0.39	49.0	81.0	0.0	91730.0	2552287.0	26944.0	0	0.0	3243169.0	39901	0.01	1.23	16.11	522500.0	947.0	101537	0.83
SLX-11165.ORDRF08.HFN3MBBXX.s_7.r_1_trimmed_GRCm38	78.54	92351.0	687.0	1.43	1.65	3.17	48.6	0.0	0.38	49.0	89.0	0.0	90624.0	2478130.0	26396.0	0	0.0	3155262.0	40109	0.01	1.27	16.18	510512.0	951.0	100115	0.84
SLX-11165.ORDRF09.HFMVTBBXX.s_1.r_1_trimmed_GRCm38	81.31	82290.0	686.0	1.31	1.37	2.56	48.76	0.0	0.35	49.0	91.0	0.0	80603.0	2764822.0	32085.0	0	0.0	3400154.0	37061	0.0	1.09	14.09	479145.0	910.0	87041	0.94
SLX-11165.ORDRF09.HFMVTBBXX.s_2.r_1_trimmed_GRCm38	81.44	83456.0	631.0	1.32	1.37	2.51	48.78	0.0	0.34	49.0	99.0	0.0	81845.0	2810194.0	32345.0	0	0.0	3450574.0	36552	0.0	1.06	14.05	484929.0	881.0	86554	0.94
SLX-11165.ORDRF09.HFN3MBBXX.s_5.r_1_trimmed_GRCm38	81.62	91008.0	720.0	1.33	1.4	2.47	48.78	0.0	0.34	49.0	100.0	0.0	89217.0	3086335.0	35110.0	0	0.0	3781469.0	42754	0.0	1.13	13.85	523815.0	971.0	93455	0.93
SLX-11165.ORDRF09.HFN3MBBXX.s_6.r_1_trimmed_GRCm38	81.72	93101.0	755.0	1.32	1.37	2.43	48.78	0.0	0.34	49.0	82.0	0.0	91287.0	3184529.0	36445.0	0	0.0	3896760.0	42772	0.0	1.1	13.82	538527.0	977.0	94487	0.94
SLX-11165.ORDRF09.HFN3MBBXX.s_7.r_1_trimmed_GRCm38	81.63	90332.0	671.0	1.31	1.38	2.46	48.78	0.0	0.32	49.0	101.0	0.0	88623.0	3083152.0	35210.0	0	0.0	3776791.0	42339	0.0	1.12	13.85	523097.0	937.0	92993	0.93
SLX-11165.ORDRF11.HFMVTBBXX.s_1.r_1_trimmed_GRCm38	81.03	95876.0	527.0	1.36	1.34	2.3	48.76	0.0	0.34	49.0	60.0	0.0	94584.0	2740784.0	27433.0	0	0.0	3382592.0	34516	0.01	1.02	14.84	502029.0	705.0	77830	0.81
SLX-11165.ORDRF11.HFMVTBBXX.s_2.r_1_trimmed_GRCm38	81.24	97446.0	588.0	1.38	1.35	2.25	48.78	0.0	0.33	49.0	76.0	0.0	96105.0	2770905.0	27189.0	0	0.0	3410728.0	33077	0.01	0.97	14.74	502833.0	677.0	76724	0.8
SLX-11165.ORDRF11.HFN3MBBXX.s_5.r_1_trimmed_GRCm38	81.34	105837.0	601.0	1.38	1.37	2.24	48.78	0.0	0.33	49.0	86.0	0.0	104371.0	3036885.0	29889.0	0	0.0	3733529.0	40271	0.01	1.08	14.54	542959.0	779.0	83525	0.8
SLX-11165.ORDRF11.HFN3MBBXX.s_6.r_1_trimmed_GRCm38	81.47	108369.0	644.0	1.39	1.39	2.17	48.79	0.0	0.33	49.0	72.0	0.0	106853.0	3124142.0	30676.0	0	0.0	3834947.0	39565	0.01	1.03	14.53	557208.0	800.0	83356	0.8
SLX-11165.ORDRF11.HFN3MBBXX.s_7.r_1_trimmed_GRCm38	81.35	105714.0	604.0	1.36	1.36	2.22	48.78	0.0	0.31	49.0	60.0	0.0	104243.0	3027792.0	29644.0	0	0.0	3721805.0	39879	0.01	1.07	14.56	541751.0	807.0	82739	0.8
SLX-11165.ORDRF12.HFMVTBBXX.s_1.r_1_trimmed_GRCm38	82.38	58279.0	320.0	1.25	1.4	2.53	48.77	0.0	0.33	49.0	70.0	0.0	57325.0	2181050.0	15733.0	0	0.0	2647673.0	26216	0.0	0.99	13.51	357677.0	564.0	66997	0.59
SLX-11165.ORDRF12.HFMVTBBXX.s_2.r_1_trimmed_GRCm38	82.48	59269.0	321.0	1.25	1.4	2.48	48.79	0.0	0.32	49.0	56.0	0.0	58352.0	2223746.0	15944.0	0	0.0	2696054.0	25590	0.0	0.95	13.5	363969.0	540.0	66805	0.59
SLX-11165.ORDRF12.HFN3MBBXX.s_5.r_1_trimmed_GRCm38	82.7	64405.0	374.0	1.25	1.39	2.41	48.79	0.0	0.33	49.0	68.0	0.0	63333.0	2435404.0	17145.0	0	0.0	2944939.0	29798	0.0	1.01	13.29	391489.0	630.0	71103	0.58
SLX-11165.ORDRF12.HFN3MBBXX.s_6.r_1_trimmed_GRCm38	82.78	65836.0	400.0	1.23	1.4	2.39	48.8	0.0	0.32	49.0	79.0	0.0	64733.0	2507368.0	17770.0	0	0.0	3028862.0	29161	0.0	0.96	13.27	401966.0	624.0	72597	0.59
SLX-11165.ORDRF12.HFN3MBBXX.s_7.r_1_trimmed_GRCm38	82.69	64194.0	380.0	1.24	1.4	2.42	48.79	0.0	0.31	49.0	76.0	0.0	63132.0	2427288.0	17154.0	0	0.0	2935490.0	29869	0.0	1.02	13.3	390313.0	606.0	70866	0.58
SLX-11165.ORDRG04.HFMVTBBXX.s_1.r_1_trimmed_GRCm38	80.21	97472.0	766.0	1.31	1.35	3.22	48.57	0.0	0.35	49.0	95.0	0.0	95415.0	2866741.0	21611.0	0	0.0	3574146.0	51848	0.0	1.45	14.52	518809.0	1196.0	115137	0.6
SLX-11165.ORDRG04.HFMVTBBXX.s_2.r_1_trimmed_GRCm38	80.43	100002.0	800.0	1.31	1.37	3.2	48.59	0.0	0.34	49.0	108.0	0.0	97939.0	2922454.0	21290.0	0	0.0	3633378.0	50110	0.0	1.38	14.4	523327.0	1155.0	116197	0.59
SLX-11165.ORDRG04.HFN3MBBXX.s_5.r_1_trimmed_GRCm38	80.36	105516.0	862.0	1.29	1.37	3.18	48.59	0.0	0.35	49.0	114.0	0.0	103233.0	3131298.0	23723.0	0	0.0	3896552.0	59226	0.0	1.52	14.33	558399.0	1307.0	123906	0.61
SLX-11165.ORDRG04.HFN3MBBXX.s_6.r_1_trimmed_GRCm38	80.54	108704.0	874.0	1.31	1.39	3.12	48.6	0.0	0.35	49.0	127.0	0.0	106314.0	3238361.0	24355.0	0	0.0	4020704.0	57956	0.0	1.44	14.29	574460.0	1389.0	125572	0.61
SLX-11165.ORDRG04.HFN3MBBXX.s_7.r_1_trimmed_GRCm38	80.45	106257.0	857.0	1.29	1.34	3.14	48.59	0.0	0.33	49.0	104.0	0.0	104033.0	3137286.0	23514.0	0	0.0	3899658.0	58808	0.0	1.51	14.3	557762.0	1263.0	122288	0.6
SLX-11165.ORDRG05.HFMVTBBXX.s_1.r_1_trimmed_GRCm38	82.71	41047.0	363.0	1.39	1.38	2.28	48.75	0.0	0.31	49.0	70.0	0.0	40215.0	1232380.0	11292.0	0	0.0	1489957.0	16693	0.0	1.12	13.13	195611.0	399.0	33981	0.76
SLX-11165.ORDRG05.HFMVTBBXX.s_2.r_1_trimmed_GRCm38	82.95	42437.0	369.0	1.4	1.45	2.24	48.77	0.0	0.3	49.0	59.0	0.0	41603.0	1262072.0	11350.0	0	0.0	1521482.0	16411	0.0	1.08	12.99	197612.0	406.0	34037	0.75
SLX-11165.ORDRG05.HFN3MBBXX.s_5.r_1_trimmed_GRCm38	82.92	44521.0	370.0	1.37	1.39	2.21	48.78	0.0	0.31	49.0	65.0	0.0	43659.0	1347890.0	12230.0	0	0.0	1625619.0	19354	0.0	1.19	12.93	210202.0	427.0	35943	0.75
SLX-11165.ORDRG05.HFN3MBBXX.s_6.r_1_trimmed_GRCm38	83.03	46024.0	385.0	1.38	1.43	2.15	48.78	0.0	0.31	49.0	79.0	0.0	45164.0	1391440.0	12541.0	0	0.0	1675729.0	18934	0.0	1.13	12.94	216788.0	396.0	36026	0.75
SLX-11165.ORDRG05.HFN3MBBXX.s_7.r_1_trimmed_GRCm38	83.01	44950.0	416.0	1.39	1.4	2.18	48.77	0.0	0.29	49.0	81.0	0.0	44017.0	1352207.0	12111.0	0	0.0	1629027.0	18918	0.0	1.16	12.91	210237.0	436.0	35554	0.74
SLX-11165.ORDRG06.HFMVTBBXX.s_1.r_1_trimmed_GRCm38	78.83	92183.0	750.0	1.48	1.41	3.16	48.62	0.0	0.38	49.0	107.0	0.0	90278.0	2595849.0	25013.0	0	0.0	3293085.0	38148	0.01	1.16	16.1	530156.0	1048.0	103919	0.76
SLX-11165.ORDRG06.HFMVTBBXX.s_2.r_1_trimmed_GRCm38	78.93	94209.0	741.0	1.48	1.43	3.14	48.64	0.0	0.37	49.0	107.0	0.0	92392.0	2640230.0	24918.0	0	0.0	3344907.0	37783	0.01	1.13	16.05	536985.0	969.0	104991	0.74
SLX-11165.ORDRG06.HFN3MBBXX.s_5.r_1_trimmed_GRCm38	79.01	100497.0	782.0	1.5	1.42	3.12	48.64	0.0	0.37	49.0	123.0	0.0	98461.0	2825026.0	26691.0	0	0.0	3575617.0	44366	0.01	1.24	15.88	567902.0	1131.0	111632	0.75
SLX-11165.ORDRG06.HFN3MBBXX.s_6.r_1_trimmed_GRCm38	79.15	102115.0	844.0	1.51	1.42	3.08	48.65	0.0	0.37	49.0	130.0	0.0	100045.0	2876261.0	26952.0	0	0.0	3633969.0	43914	0.01	1.21	15.82	575062.0	1096.0	111780	0.74
SLX-11165.ORDRG06.HFN3MBBXX.s_7.r_1_trimmed_GRCm38	79.1	100039.0	808.0	1.49	1.42	3.1	48.64	0.0	0.36	49.0	106.0	0.0	98152.0	2811308.0	26489.0	0	0.0	3554318.0	43408	0.01	1.22	15.83	562815.0	973.0	110298	0.75
SLX-11165.ORDRG07.HFMVTBBXX.s_1.r_1_trimmed_GRCm38	79.96	81373.0	854.0	1.29	1.26	4.49	48.44	0.0	0.37	49.0	86.0	0.0	79287.0	2875694.0	18509.0	0	0.0	3596279.0	49241	0.0	1.37	13.67	491455.0	1146.0	161380	0.51
SLX-11165.ORDRG07.HFMVTBBXX.s_2.r_1_trimmed_GRCm38	80.18	83129.0	823.0	1.3	1.25	4.46	48.46	0.0	0.36	49.0	91.0	0.0	81050.0	2920970.0	18563.0	0	0.0	3642803.0	46620	0.0	1.28	13.57	494207.0	1165.0	162443	0.51
SLX-11165.ORDRG07.HFN3MBBXX.s_5.r_1_trimmed_GRCm38	80.28	88643.0	896.0	1.28	1.28	4.36	48.47	0.0	0.36	49.0	94.0	0.0	86345.0	3181462.0	20449.0	0	0.0	3962753.0	56669	0.0	1.43	13.41	531390.0	1308.0	172783	0.52
SLX-11165.ORDRG07.HFN3MBBXX.s_6.r_1_trimmed_GRCm38	80.42	91738.0	906.0	1.29	1.24	4.32	48.47	0.0	0.36	49.0	104.0	0.0	89454.0	3281732.0	20707.0	0	0.0	4080533.0	55557	0.0	1.36	13.38	546060.0	1274.0	176477	0.51
SLX-11165.ORDRG07.HFN3MBBXX.s_7.r_1_trimmed_GRCm38	80.26	88729.0	973.0	1.27	1.26	4.38	48.46	0.0	0.35	49.0	96.0	0.0	86404.0	3179982.0	20293.0	0	0.0	3961955.0	56306	0.0	1.42	13.42	531698.0	1256.0	173676	0.51
SLX-11165.ORDRG08.HFMVTBBXX.s_1.r_1_trimmed_GRCm38	85.3	37998.0	281.0	1.24	1.41	2.54	48.67	0.0	0.31	49.0	38.0	0.0	37030.0	1743899.0	13558.0	0	0.0	2044348.0	31499	0.0	1.54	9.95	203438.0	649.0	51954	0.66
SLX-11165.ORDRG08.HFMVTBBXX.s_2.r_1_trimmed_GRCm38	85.5	39012.0	281.0	1.25	1.37	2.47	48.68	0.0	0.3	49.0	56.0	0.0	38004.0	1781845.0	13527.0	0	0.0	2084052.0	31240	0.0	1.5	9.88	205998.0	671.0	51442	0.65
SLX-11165.ORDRG08.HFN3MBBXX.s_5.r_1_trimmed_GRCm38	85.51	41703.0	334.0	1.26	1.39	2.46	48.69	0.0	0.31	49.0	44.0	0.0	40563.0	1924325.0	14842.0	0	0.0	2250359.0	34496	0.0	1.53	9.83	221231.0	762.0	55465	0.66
SLX-11165.ORDRG08.HFN3MBBXX.s_6.r_1_trimmed_GRCm38	85.61	42952.0	328.0	1.25	1.4	2.44	48.69	0.0	0.3	49.0	63.0	0.0	41773.0	1988167.0	15154.0	0	0.0	2322371.0	35256	0.0	1.52	9.78	227200.0	788.0	56594	0.65
SLX-11165.ORDRG08.HFN3MBBXX.s_7.r_1_trimmed_GRCm38	85.49	41959.0	307.0	1.25	1.4	2.47	48.69	0.0	0.29	49.0	65.0	0.0	40833.0	1921228.0	14777.0	0	0.0	2247326.0	34872	0.0	1.55	9.83	220878.0	754.0	55571	0.66
SLX-11165.ORDRG09.HFMVTBBXX.s_1.r_1_trimmed_GRCm38	84.76	2993.0	33.0	1.22	1.38	2.61	48.71	0.0	0.32	49.0	2.0	0.0	2920.0	160394.0	921.0	0	0.0	189222.0	1891	0.0	1.0	11.14	21079.0	38.0	4937	0.49
SLX-11165.ORDRG09.HFMVTBBXX.s_2.r_1_trimmed_GRCm38	84.69	2995.0	26.0	1.31	1.3	2.56	48.74	0.0	0.31	49.0	1.0	0.0	2912.0	162099.0	966.0	0	0.0	191394.0	1929	0.0	1.01	11.24	21511.0	56.0	4889	0.5
SLX-11165.ORDRG09.HFN3MBBXX.s_5.r_1_trimmed_GRCm38	84.81	3379.0	22.0	1.21	1.42	2.52	48.74	0.0	0.32	49.0	5.0	0.0	3300.0	176975.0	1003.0	0	0.0	208674.0	2212	0.0	1.06	11.13	23224.0	52.0	5260	0.48
SLX-11165.ORDRG09.HFN3MBBXX.s_6.r_1_trimmed_GRCm38	84.97	3477.0	30.0	1.25	1.36	2.45	48.75	0.0	0.32	49.0	6.0	0.0	3380.0	182954.0	1088.0	0	0.0	215323.0	2172	0.0	1.01	11.07	23839.0	61.0	5270	0.51
SLX-11165.ORDRG09.HFN3MBBXX.s_7.r_1_trimmed_GRCm38	84.9	3310.0	28.0	1.29	1.53	2.49	48.74	0.0	0.31	49.0	4.0	0.0	3223.0	177425.0	1004.0	0	0.0	208993.0	2215	0.0	1.06	11.08	23147.0	55.0	5202	0.48
SLX-11165.ORDRG10.HFMVTBBXX.s_1.r_1_trimmed_GRCm38	85.0	103409.0	714.0	1.22	1.33	2.43	48.77	0.0	0.31	49.0	92.0	0.0	101933.0	2406422.0	17300.0	0	0.0	2830925.0	24919	0.0	0.88	11.07	313473.0	670.0	68811	0.61
SLX-11165.ORDRG10.HFMVTBBXX.s_2.r_1_trimmed_GRCm38	85.23	106135.0	749.0	1.24	1.32	2.36	48.79	0.0	0.3	49.0	93.0	0.0	104636.0	2452283.0	17447.0	0	0.0	2877118.0	23869	0.0	0.83	10.97	315649.0	657.0	67870	0.61
SLX-11165.ORDRG10.HFN3MBBXX.s_5.r_1_trimmed_GRCm38	85.21	112682.0	807.0	1.24	1.33	2.34	48.79	0.0	0.31	49.0	96.0	0.0	111055.0	2674171.0	19185.0	0	0.0	3138260.0	28561	0.0	0.91	10.93	342899.0	724.0	73444	0.61
SLX-11165.ORDRG10.HFN3MBBXX.s_6.r_1_trimmed_GRCm38	85.34	117104.0	843.0	1.22	1.31	2.31	48.8	0.0	0.3	49.0	108.0	0.0	115403.0	2765036.0	19710.0	0	0.0	3240148.0	28156	0.0	0.87	10.88	352486.0	750.0	74760	0.61
SLX-11165.ORDRG10.HFN3MBBXX.s_7.r_1_trimmed_GRCm38	85.26	113652.0	784.0	1.24	1.33	2.35	48.79	0.0	0.29	49.0	112.0	0.0	112046.0	2669127.0	19170.0	0	0.0	3130712.0	28414	0.0	0.91	10.88	340624.0	710.0	73377	0.61
SLX-11165.ORDRG11.HFMVTBBXX.s_1.r_1_trimmed_GRCm38	84.0	81204.0	539.0	1.3	1.36	2.17	48.83	0.0	0.31	49.0	80.0	0.0	80055.0	2084543.0	14416.0	0	0.0	2481529.0	27585	0.0	1.11	12.13	301057.0	530.0	53928	0.58
SLX-11165.ORDRG11.HFMVTBBXX.s_2.r_1_trimmed_GRCm38	84.21	83148.0	564.0	1.29	1.39	2.1	48.85	0.0	0.29	49.0	72.0	0.0	82002.0	2126718.0	14624.0	0	0.0	2525559.0	26594	0.0	1.05	12.05	304434.0	510.0	53189	0.58
SLX-11165.ORDRG11.HFN3MBBXX.s_5.r_1_trimmed_GRCm38	84.18	87587.0	590.0	1.29	1.39	2.11	48.85	0.0	0.3	49.0	67.0	0.0	86315.0	2284817.0	15766.0	0	0.0	2714318.0	32052	0.0	1.18	11.95	324369.0	615.0	57314	0.58
SLX-11165.ORDRG11.HFN3MBBXX.s_6.r_1_trimmed_GRCm38	84.27	90416.0	632.0	1.29	1.33	2.06	48.85	0.0	0.3	49.0	110.0	0.0	89115.0	2352705.0	16035.0	0	0.0	2791818.0	31269	0.0	1.12	11.97	334295.0	559.0	57514	0.57
SLX-11165.ORDRG11.HFN3MBBXX.s_7.r_1_trimmed_GRCm38	84.22	87494.0	584.0	1.29	1.38	2.1	48.85	0.0	0.28	49.0	80.0	0.0	86278.0	2285946.0	15649.0	0	0.0	2714415.0	31479	0.0	1.16	11.95	324354.0	552.0	56987	0.58
SLX-11165.ORDRG12.HFMVTBBXX.s_1.r_1_trimmed_GRCm38	83.22	112183.0	784.0	1.37	1.23	2.39	48.77	0.0	0.32	49.0	80.0	0.0	110502.0	2926236.0	23911.0	0	0.0	3516214.0	37541	0.0	1.07	12.65	444672.0	817.0	83854	0.68
SLX-11165.ORDRG12.HFMVTBBXX.s_2.r_1_trimmed_GRCm38	83.39	113267.0	886.0	1.39	1.21	2.33	48.79	0.0	0.31	49.0	87.0	0.0	111497.0	2960361.0	23535.0	0	0.0	3550186.0	35821	0.0	1.01	12.61	447834.0	797.0	82635	0.66
SLX-11165.ORDRG12.HFN3MBBXX.s_5.r_1_trimmed_GRCm38	83.48	122509.0	932.0	1.38	1.26	2.29	48.79	0.0	0.31	49.0	83.0	0.0	120685.0	3230830.0	25783.0	0	0.0	3870176.0	43002	0.0	1.11	12.45	481844.0	809.0	88717	0.67
SLX-11165.ORDRG12.HFN3MBBXX.s_6.r_1_trimmed_GRCm38	83.59	125447.0	945.0	1.39	1.25	2.26	48.79	0.0	0.31	49.0	77.0	0.0	123566.0	3336150.0	26502.0	0	0.0	3991134.0	43139	0.0	1.08	12.4	495071.0	859.0	90272	0.66
SLX-11165.ORDRG12.HFN3MBBXX.s_7.r_1_trimmed_GRCm38	83.46	122511.0	894.0	1.4	1.25	2.3	48.79	0.0	0.3	49.0	98.0	0.0	120633.0	3224663.0	26126.0	0	0.0	3863633.0	43289	0.0	1.12	12.44	480658.0	886.0	88897	0.68
SLX-11165.ORDRH04.HFMVTBBXX.s_1.r_1_trimmed_GRCm38	75.5	71213.0	498.0	1.3	1.96	3.56	48.56	0.01	0.47	49.0	83.0	0.0	69795.0	2161539.0	19326.0	0	0.0	2862932.0	23759	0.01	0.83	19.43	556404.0	837.0	101904	0.68
SLX-11165.ORDRH04.HFMVTBBXX.s_2.r_1_trimmed_GRCm38	75.56	72994.0	555.0	1.31	1.92	3.54	48.57	0.01	0.46	49.0	58.0	0.0	71510.0	2204094.0	19472.0	0	0.0	2917020.0	23652	0.01	0.81	19.42	566433.0	871.0	103369	0.67
SLX-11165.ORDRH04.HFN3MBBXX.s_5.r_1_trimmed_GRCm38	75.79	77317.0	561.0	1.29	1.92	3.46	48.58	0.01	0.46	49.0	59.0	0.0	75855.0	2357465.0	20799.0	0	0.0	3110644.0	26754	0.01	0.86	19.22	597989.0	842.0	107637	0.67
SLX-11165.ORDRH04.HFN3MBBXX.s_6.r_1_trimmed_GRCm38	75.87	78959.0	613.0	1.3	1.9	3.41	48.58	0.01	0.46	49.0	63.0	0.0	77374.0	2425334.0	21285.0	0	0.0	3196852.0	26829	0.01	0.84	19.22	614489.0	909.0	108915	0.67
SLX-11165.ORDRH04.HFN3MBBXX.s_7.r_1_trimmed_GRCm38	75.81	77830.0	533.0	1.29	1.9	3.47	48.58	0.01	0.44	49.0	63.0	0.0	76353.0	2358841.0	21344.0	0	0.0	3111649.0	26785	0.01	0.86	19.17	596605.0	881.0	108074	0.69
SLX-11165.ORDRH05.HFMVTBBXX.s_1.r_1_trimmed_GRCm38	81.84	38088.0	310.0	1.37	1.44	2.27	48.77	0.0	0.29	49.0	52.0	0.0	37178.0	1416648.0	16787.0	0	0.0	1731033.0	22672	0.0	1.31	13.61	235639.0	548.0	39287	0.97
SLX-11165.ORDRH05.HFMVTBBXX.s_2.r_1_trimmed_GRCm38	81.97	38568.0	316.0	1.29	1.43	2.19	48.78	0.0	0.28	49.0	51.0	0.0	37581.0	1443944.0	17220.0	0	0.0	1761569.0	22894	0.0	1.3	13.56	238943.0	620.0	38568	0.98
SLX-11165.ORDRH05.HFN3MBBXX.s_5.r_1_trimmed_GRCm38	82.05	41489.0	359.0	1.32	1.44	2.2	48.78	0.0	0.29	49.0	49.0	0.0	40484.0	1572823.0	18360.0	0	0.0	1916825.0	25919	0.0	1.35	13.43	257484.0	597.0	42239	0.96
SLX-11165.ORDRH05.HFN3MBBXX.s_6.r_1_trimmed_GRCm38	82.16	43053.0	394.0	1.34	1.47	2.16	48.79	0.0	0.29	49.0	61.0	0.0	42019.0	1619890.0	18907.0	0	0.0	1971577.0	26218	0.0	1.33	13.39	263983.0	579.0	42579	0.96
SLX-11165.ORDRH05.HFN3MBBXX.s_7.r_1_trimmed_GRCm38	82.16	41740.0	371.0	1.33	1.42	2.17	48.78	0.0	0.27	49.0	48.0	0.0	40733.0	1562484.0	18221.0	0	0.0	1901821.0	25873	0.0	1.36	13.35	253961.0	588.0	41282	0.96
SLX-11165.ORDRH06.HFMVTBBXX.s_1.r_1_trimmed_GRCm38	82.25	33129.0	226.0	1.31	1.36	2.34	48.71	0.0	0.3	49.0	21.0	0.0	32188.0	1683480.0	11136.0	0	0.0	2046769.0	22979	0.0	1.12	13.74	281165.0	694.0	48009	0.54
SLX-11165.ORDRH06.HFMVTBBXX.s_2.r_1_trimmed_GRCm38	82.3	34296.0	254.0	1.34	1.41	2.34	48.72	0.0	0.29	49.0	24.0	0.0	33364.0	1728228.0	11483.0	0	0.0	2099845.0	23123	0.0	1.1	13.71	287821.0	654.0	49190	0.55
SLX-11165.ORDRH06.HFN3MBBXX.s_5.r_1_trimmed_GRCm38	82.46	36119.0	251.0	1.33	1.4	2.32	48.73	0.0	0.3	49.0	30.0	0.0	35133.0	1836761.0	12161.0	0	0.0	2227581.0	25581	0.0	1.15	13.53	301471.0	705.0	51607	0.55
SLX-11165.ORDRH06.HFN3MBBXX.s_6.r_1_trimmed_GRCm38	82.53	37281.0	250.0	1.32	1.39	2.28	48.73	0.0	0.29	49.0	38.0	0.0	36319.0	1902036.0	12547.0	0	0.0	2304667.0	25583	0.0	1.11	13.54	311953.0	674.0	52548	0.54
SLX-11165.ORDRH06.HFN3MBBXX.s_7.r_1_trimmed_GRCm38	82.39	36673.0	265.0	1.31	1.4	2.32	48.72	0.0	0.28	49.0	34.0	0.0	35677.0	1844694.0	12410.0	0	0.0	2239056.0	26017	0.0	1.16	13.57	303900.0	697.0	52035	0.55
SLX-11165.ORDRH07.HFMVTBBXX.s_1.r_1_trimmed_GRCm38	80.88	85273.0	582.0	1.32	1.64	2.78	48.71	0.0	0.38	49.0	118.0	0.0	83793.0	2469653.0	18457.0	0	0.0	3053572.0	31738	0.01	1.04	14.7	448887.0	780.0	84837	0.6
SLX-11165.ORDRH07.HFMVTBBXX.s_2.r_1_trimmed_GRCm38	81.05	87064.0	632.0	1.31	1.57	2.72	48.73	0.0	0.37	49.0	113.0	0.0	85560.0	2514916.0	18506.0	0	0.0	3102857.0	30996	0.0	1.0	14.64	454129.0	759.0	84310	0.6
SLX-11165.ORDRH07.HFN3MBBXX.s_5.r_1_trimmed_GRCm38	81.3	94069.0	668.0	1.31	1.56	2.66	48.73	0.0	0.37	49.0	118.0	0.0	92439.0	2741362.0	20063.0	0	0.0	3371800.0	35091	0.0	1.04	14.4	485532.0	844.0	89752	0.6
SLX-11165.ORDRH07.HFN3MBBXX.s_6.r_1_trimmed_GRCm38	81.39	96341.0	696.0	1.29	1.57	2.61	48.74	0.0	0.36	49.0	139.0	0.0	94630.0	2807191.0	20294.0	0	0.0	3449139.0	34445	0.0	1.0	14.42	497309.0	876.0	89900	0.59
SLX-11165.ORDRH07.HFN3MBBXX.s_7.r_1_trimmed_GRCm38	81.22	93433.0	686.0	1.3	1.54	2.65	48.73	0.0	0.35	49.0	119.0	0.0	91727.0	2727505.0	20004.0	0	0.0	3358306.0	35621	0.0	1.06	14.48	486125.0	901.0	89051	0.6
SLX-11165.ORDRH08.HFMVTBBXX.s_1.r_1_trimmed_GRCm38	76.18	57857.0	420.0	1.46	1.46	3.78	48.49	0.0	0.38	49.0	69.0	0.0	56762.0	1296156.0	15375.0	0	0.0	1701500.0	24317	0.0	1.43	17.71	301372.0	606.0	64280	0.9
SLX-11165.ORDRH08.HFMVTBBXX.s_2.r_1_trimmed_GRCm38	76.41	59399.0	467.0	1.41	1.55	3.73	48.5	0.0	0.38	49.0	49.0	0.0	58282.0	1314895.0	15285.0	0	0.0	1720806.0	23593	0.0	1.37	17.6	302799.0	601.0	64234	0.89
SLX-11165.ORDRH08.HFN3MBBXX.s_5.r_1_trimmed_GRCm38	76.57	63405.0	506.0	1.44	1.4	3.66	48.5	0.0	0.38	49.0	74.0	0.0	62176.0	1424587.0	16202.0	0	0.0	1860537.0	27919	0.0	1.5	17.4	323706.0	649.0	68123	0.87
SLX-11165.ORDRH08.HFN3MBBXX.s_6.r_1_trimmed_GRCm38	76.65	65358.0	516.0	1.42	1.37	3.68	48.51	0.0	0.37	49.0	59.0	0.0	64126.0	1468383.0	16979.0	0	0.0	1915649.0	27010	0.0	1.41	17.37	332782.0	657.0	70495	0.89
SLX-11165.ORDRH08.HFN3MBBXX.s_7.r_1_trimmed_GRCm38	76.62	64574.0	507.0	1.42	1.46	3.7	48.5	0.0	0.36	49.0	65.0	0.0	63329.0	1422734.0	16184.0	0	0.0	1856934.0	27437	0.0	1.48	17.34	321987.0	673.0	68592	0.87
SLX-11165.ORDRH09.HFMVTBBXX.s_1.r_1_trimmed_GRCm38	30.27	15467.0	129.0	1.45	1.37	53.98	48.25	0.0	0.49	49.0	16.0	0.0	14807.0	896326.0	10146.0	0	0.0	2961452.0	30499	0.01	1.03	14.39	426092.0	515.0	1598389	0.34
SLX-11165.ORDRH09.HFMVTBBXX.s_2.r_1_trimmed_GRCm38	29.84	14857.0	121.0	1.41	1.38	54.56	48.28	0.0	0.48	49.0	9.0	0.0	14236.0	896638.0	9728.0	0	0.0	3005087.0	28548	0.0	0.95	14.33	430645.0	491.0	1639528	0.32
SLX-11165.ORDRH09.HFN3MBBXX.s_5.r_1_trimmed_GRCm38	30.41	16783.0	182.0	1.43	1.36	54.12	48.28	0.0	0.48	49.0	14.0	0.0	16060.0	983357.0	11104.0	0	0.0	3233270.0	34923	0.01	1.08	14.04	453866.0	527.0	1750020	0.34
SLX-11165.ORDRH09.HFN3MBBXX.s_6.r_1_trimmed_GRCm38	30.3	16573.0	134.0	1.39	1.33	54.42	48.29	0.0	0.48	49.0	14.0	0.0	15859.0	1008863.0	11162.0	0	0.0	3329207.0	33293	0.0	1.0	13.94	464087.0	566.0	1811802	0.34
SLX-11165.ORDRH09.HFN3MBBXX.s_7.r_1_trimmed_GRCm38	30.39	16900.0	128.0	1.39	1.29	54.13	48.27	0.0	0.47	49.0	14.0	0.0	16195.0	984296.0	10987.0	0	0.0	3238422.0	35943	0.0	1.11	14.03	454409.0	563.0	1752787	0.34
SLX-11165.ORDRH10.HFMVTBBXX.s_1.r_1_trimmed_GRCm38	83.63	145680.0	987.0	1.28	1.28	1.92	48.85	0.0	0.3	49.0	108.0	0.0	143635.0	3726892.0	41130.0	0	0.0	4456271.0	53154	0.01	1.19	12.33	549333.0	950.0	85762	0.92
SLX-11165.ORDRH10.HFMVTBBXX.s_2.r_1_trimmed_GRCm38	83.83	148958.0	951.0	1.27	1.29	1.86	48.87	0.0	0.29	49.0	105.0	0.0	146962.0	3792096.0	41480.0	0	0.0	4523473.0	52455	0.01	1.16	12.23	553332.0	940.0	84110	0.92
SLX-11165.ORDRH10.HFN3MBBXX.s_5.r_1_trimmed_GRCm38	83.87	160111.0	1113.0	1.26	1.27	1.85	48.86	0.0	0.29	49.0	118.0	0.0	157871.0	4124735.0	44649.0	0	0.0	4918080.0	61091	0.0	1.24	12.13	596462.0	1009.0	91143	0.91
SLX-11165.ORDRH10.HFN3MBBXX.s_6.r_1_trimmed_GRCm38	83.98	164538.0	1123.0	1.27	1.28	1.8	48.87	0.0	0.29	49.0	107.0	0.0	162229.0	4258250.0	46348.0	0	0.0	5070367.0	61339	0.0	1.21	12.09	613183.0	1079.0	91247	0.91
SLX-11165.ORDRH10.HFN3MBBXX.s_7.r_1_trimmed_GRCm38	83.89	161019.0	1062.0	1.27	1.25	1.84	48.86	0.0	0.28	49.0	120.0	0.0	158733.0	4125827.0	45258.0	0	0.0	4918109.0	61166	0.01	1.24	12.1	595096.0	1104.0	90762	0.92
SLX-11165.ORDRH11.HFMVTBBXX.s_1.r_1_trimmed_GRCm38	83.45	84371.0	589.0	1.24	1.35	2.37	48.8	0.0	0.32	49.0	36.0	0.0	82970.0	3334302.0	22122.0	0	0.0	3995774.0	43497	0.0	1.09	12.55	501277.0	776.0	94576	0.55
SLX-11165.ORDRH11.HFMVTBBXX.s_2.r_1_trimmed_GRCm38	83.63	86218.0	558.0	1.24	1.35	2.32	48.82	0.0	0.31	49.0	66.0	0.0	84854.0	3401365.0	22179.0	0	0.0	4067300.0	42695	0.0	1.05	12.46	506724.0	740.0	94337	0.55
SLX-11165.ORDRH11.HFN3MBBXX.s_5.r_1_trimmed_GRCm38	83.7	90900.0	609.0	1.24	1.35	2.29	48.82	0.0	0.32	49.0	80.0	0.0	89358.0	3663922.0	24186.0	0	0.0	4377386.0	49371	0.0	1.13	12.33	539853.0	853.0	100054	0.55
SLX-11165.ORDRH11.HFN3MBBXX.s_6.r_1_trimmed_GRCm38	83.76	93912.0	600.0	1.24	1.36	2.26	48.83	0.0	0.31	49.0	52.0	0.0	92371.0	3776471.0	24633.0	0	0.0	4508701.0	48708	0.0	1.08	12.35	556962.0	889.0	101927	0.55
SLX-11165.ORDRH11.HFN3MBBXX.s_7.r_1_trimmed_GRCm38	83.68	91397.0	581.0	1.25	1.37	2.29	48.82	0.0	0.29	49.0	85.0	0.0	89926.0	3651295.0	24179.0	0	0.0	4363512.0	48410	0.0	1.11	12.37	539754.0	805.0	99874	0.55
SLX-11165.ORDRH12.HFMVTBBXX.s_1.r_1_trimmed_GRCm38	85.75	116751.0	896.0	1.31	1.27	1.74	48.88	0.0	0.29	49.0	97.0	0.0	115058.0	3020171.0	23354.0	0	0.0	3522129.0	34873	0.0	0.99	10.86	382439.0	700.0	61292	0.66
SLX-11165.ORDRH12.HFMVTBBXX.s_2.r_1_trimmed_GRCm38	85.97	119651.0	918.0	1.32	1.26	1.69	48.9	0.0	0.28	49.0	88.0	0.0	117961.0	3083738.0	23241.0	0	0.0	3586950.0	34438	0.0	0.96	10.73	384909.0	684.0	60624	0.65
SLX-11165.ORDRH12.HFN3MBBXX.s_5.r_1_trimmed_GRCm38	86.02	126424.0	988.0	1.31	1.27	1.66	48.9	0.0	0.28	49.0	92.0	0.0	124641.0	3314965.0	24821.0	0	0.0	3853751.0	38917	0.0	1.01	10.67	411085.0	703.0	63963	0.64
SLX-11165.ORDRH12.HFN3MBBXX.s_6.r_1_trimmed_GRCm38	86.07	131065.0	1023.0	1.32	1.26	1.64	48.9	0.0	0.28	49.0	94.0	0.0	129149.0	3433173.0	25747.0	0	0.0	3988734.0	39073	0.0	0.98	10.66	425353.0	799.0	65388	0.65
SLX-11165.ORDRH12.HFN3MBBXX.s_7.r_1_trimmed_GRCm38	86.03	126963.0	978.0	1.31	1.26	1.66	48.89	0.0	0.27	49.0	98.0	0.0	125155.0	3312876.0	25099.0	0	0.0	3850980.0	38486	0.0	1.0	10.66	410633.0	732.0	63886	0.65
