Sample	Human counts	Human percentage	Mouse counts	Mouse percentage	Rat counts	Rat percentage	Ecoli counts	Ecoli percentage	PhiX counts	PhiX percentage	Lambda counts	Lambda percentage
SLX-11165.ORDRA05.HFMVTBBXX.s_1.r_1_screen	17924	17.93	95223	95.24	32685	32.69	4	0.0	67	0.07	0	0.0
SLX-11165.ORDRA05.HFMVTBBXX.s_2.r_1_screen	18142	17.88	96838	95.4	33017	32.53	1	0.0	63	0.06	0	0.0
SLX-11165.ORDRA05.HFN3MBBXX.s_5.r_1_screen	18176	18.13	95537	95.29	32773	32.69	4	0.0	82	0.08	0	0.0
SLX-11165.ORDRA05.HFN3MBBXX.s_6.r_1_screen	17613	17.6	95471	95.32	32069	32.02	2	0.0	67	0.07	0	0.0
SLX-11165.ORDRA05.HFN3MBBXX.s_7.r_1_screen	17644	17.62	95654	95.54	32521	32.49	5	0.0	90	0.09	0	0.0
SLX-11165.ORDRA06.HFMVTBBXX.s_1.r_1_screen	44698	44.07	93246	91.93	57692	56.89	2	0.0	74	0.07	0	0.0
SLX-11165.ORDRA06.HFMVTBBXX.s_2.r_1_screen	43224	43.81	91011	92.24	56012	56.77	3	0.0	50	0.05	0	0.0
SLX-11165.ORDRA06.HFN3MBBXX.s_5.r_1_screen	43947	43.31	93764	92.41	56934	56.11	4	0.0	78	0.08	0	0.0
SLX-11165.ORDRA06.HFN3MBBXX.s_6.r_1_screen	42901	42.89	92234	92.2	55754	55.72	1	0.0	48	0.05	0	0.0
SLX-11165.ORDRA06.HFN3MBBXX.s_7.r_1_screen	43989	43.44	93740	92.59	57055	56.35	2	0.0	68	0.07	0	0.0
SLX-11165.ORDRA07.HFMVTBBXX.s_1.r_1_screen	29849	30.07	93479	94.17	44537	44.86	3	0.0	45	0.05	0	0.0
SLX-11165.ORDRA07.HFMVTBBXX.s_2.r_1_screen	29472	29.82	93180	94.32	44096	44.63	10	0.01	40	0.04	0	0.0
SLX-11165.ORDRA07.HFN3MBBXX.s_5.r_1_screen	29812	29.56	95133	94.33	45051	44.66	1	0.0	58	0.06	0	0.0
SLX-11165.ORDRA07.HFN3MBBXX.s_6.r_1_screen	29182	29.3	93763	94.17	44161	44.35	3	0.0	34	0.03	0	0.0
SLX-11165.ORDRA07.HFN3MBBXX.s_7.r_1_screen	29600	29.35	95337	94.54	44967	44.59	7	0.01	64	0.06	0	0.0
SLX-11165.ORDRA10.HFMVTBBXX.s_1.r_1_screen	19918	20.16	94973	96.12	34317	34.73	4	0.0	49	0.05	0	0.0
SLX-11165.ORDRA10.HFMVTBBXX.s_2.r_1_screen	20153	20.09	96519	96.21	34744	34.63	6	0.0	65	0.06	0	0.0
SLX-11165.ORDRA10.HFN3MBBXX.s_5.r_1_screen	20050	20.0	96262	96.09	34645	34.58	4	0.0	91	0.09	0	0.0
SLX-11165.ORDRA10.HFN3MBBXX.s_6.r_1_screen	19775	19.6	96922	96.09	34387	34.09	2	0.0	55	0.05	0	0.0
SLX-11165.ORDRA10.HFN3MBBXX.s_7.r_1_screen	19869	19.89	96224	96.34	34358	34.4	2	0.0	75	0.08	0	0.0
SLX-11165.ORDRA11.HFMVTBBXX.s_1.r_1_screen	24335	24.51	94564	95.26	41185	41.48	6	0.01	58	0.06	0	0.0
SLX-11165.ORDRA11.HFMVTBBXX.s_2.r_1_screen	24593	24.32	96352	95.28	42105	41.63	5	0.0	65	0.06	0	0.0
SLX-11165.ORDRA11.HFN3MBBXX.s_5.r_1_screen	23658	23.94	94171	95.3	40343	40.83	2	0.0	72	0.07	0	0.0
SLX-11165.ORDRA11.HFN3MBBXX.s_6.r_1_screen	23717	24.0	94208	95.35	40556	41.04	7	0.01	53	0.05	0	0.0
SLX-11165.ORDRA11.HFN3MBBXX.s_7.r_1_screen	23715	24.01	94389	95.53	40529	41.02	3	0.0	60	0.06	0	0.0
SLX-11165.ORDRA12.HFMVTBBXX.s_1.r_1_screen	16741	16.77	95715	95.89	34640	34.7	3	0.0	57	0.06	0	0.0
SLX-11165.ORDRA12.HFMVTBBXX.s_2.r_1_screen	16800	16.42	98214	96.01	35460	34.67	4	0.0	56	0.05	0	0.0
SLX-11165.ORDRA12.HFN3MBBXX.s_5.r_1_screen	16605	16.71	95339	95.94	34343	34.57	5	0.01	55	0.06	0	0.0
SLX-11165.ORDRA12.HFN3MBBXX.s_6.r_1_screen	16694	16.41	97694	96.06	34931	34.34	11	0.01	41	0.04	0	0.0
SLX-11165.ORDRA12.HFN3MBBXX.s_7.r_1_screen	16528	16.69	95229	96.14	34319	34.65	9	0.01	74	0.07	0	0.0
SLX-11165.ORDRB05.HFMVTBBXX.s_1.r_1_screen	20304	20.1	95537	94.56	34011	33.66	9	0.01	50	0.05	0	0.0
SLX-11165.ORDRB05.HFMVTBBXX.s_2.r_1_screen	19742	19.93	93694	94.6	33112	33.43	8	0.01	38	0.04	0	0.0
SLX-11165.ORDRB05.HFN3MBBXX.s_5.r_1_screen	20370	20.11	95704	94.46	33903	33.45	7	0.01	39	0.04	0	0.0
SLX-11165.ORDRB05.HFN3MBBXX.s_6.r_1_screen	19936	19.8	95184	94.57	33420	33.21	10	0.01	42	0.04	0	0.0
SLX-11165.ORDRB05.HFN3MBBXX.s_7.r_1_screen	20206	19.84	96442	94.69	34016	33.4	10	0.01	59	0.06	0	0.0
SLX-11165.ORDRB06.HFMVTBBXX.s_1.r_1_screen	30853	29.74	97662	94.16	47257	45.56	2	0.0	58	0.06	0	0.0
SLX-11165.ORDRB06.HFMVTBBXX.s_2.r_1_screen	28817	29.4	92404	94.26	44492	45.39	2	0.0	50	0.05	0	0.0
SLX-11165.ORDRB06.HFN3MBBXX.s_5.r_1_screen	28820	29.75	91283	94.2	44001	45.41	3	0.0	74	0.08	0	0.0
SLX-11165.ORDRB06.HFN3MBBXX.s_6.r_1_screen	28609	28.93	93176	94.19	44411	44.9	1	0.0	59	0.06	0	0.0
SLX-11165.ORDRB06.HFN3MBBXX.s_7.r_1_screen	28475	29.42	91507	94.56	44043	45.51	3	0.0	78	0.08	0	0.0
SLX-11165.ORDRB07.HFMVTBBXX.s_1.r_1_screen	18443	18.68	94094	95.32	32769	33.2	5	0.0	68	0.07	0	0.0
SLX-11165.ORDRB07.HFMVTBBXX.s_2.r_1_screen	18843	18.73	95855	95.28	33463	33.25	9	0.01	68	0.07	0	0.0
SLX-11165.ORDRB07.HFN3MBBXX.s_5.r_1_screen	18875	18.51	97155	95.27	33785	33.12	4	0.0	74	0.07	0	0.0
SLX-11165.ORDRB07.HFN3MBBXX.s_6.r_1_screen	18513	18.41	95927	95.39	33086	32.9	4	0.0	73	0.07	0	0.0
SLX-11165.ORDRB07.HFN3MBBXX.s_7.r_1_screen	18941	18.6	97150	95.42	33802	33.19	8	0.01	62	0.06	0	0.0
SLX-11165.ORDRB08.HFMVTBBXX.s_1.r_1_screen	18676	19.01	94073	95.77	34273	34.9	7	0.01	64	0.07	0	0.0
SLX-11165.ORDRB08.HFMVTBBXX.s_2.r_1_screen	18730	18.71	96018	95.92	34999	34.96	6	0.01	57	0.06	0	0.0
SLX-11165.ORDRB08.HFN3MBBXX.s_5.r_1_screen	18618	18.71	95353	95.86	34633	34.82	3	0.0	70	0.07	0	0.0
SLX-11165.ORDRB08.HFN3MBBXX.s_6.r_1_screen	19076	18.71	97786	95.92	35441	34.76	2	0.0	51	0.05	0	0.0
SLX-11165.ORDRB08.HFN3MBBXX.s_7.r_1_screen	18718	18.87	95231	95.95	34905	35.18	7	0.01	72	0.07	0	0.0
SLX-11165.ORDRB09.HFMVTBBXX.s_1.r_1_screen	25970	26.07	93843	94.23	40018	40.19	13	0.01	62	0.06	0	0.0
SLX-11165.ORDRB09.HFMVTBBXX.s_2.r_1_screen	26052	26.04	94296	94.25	40465	40.43	14	0.01	82	0.08	0	0.0
SLX-11165.ORDRB09.HFN3MBBXX.s_5.r_1_screen	25781	25.87	93989	94.3	40086	40.22	12	0.01	71	0.07	0	0.0
SLX-11165.ORDRB09.HFN3MBBXX.s_6.r_1_screen	25460	25.5	94194	94.35	39848	39.91	10	0.01	54	0.05	0	0.0
SLX-11165.ORDRB09.HFN3MBBXX.s_7.r_1_screen	25892	25.98	94140	94.48	40294	40.44	20	0.02	79	0.08	0	0.0
SLX-11165.ORDRB10.HFMVTBBXX.s_1.r_1_screen	24173	24.01	95528	94.89	39905	39.64	5	0.0	64	0.06	0	0.0
SLX-11165.ORDRB10.HFMVTBBXX.s_2.r_1_screen	24026	23.92	95268	94.9	39923	39.77	1	0.0	59	0.06	0	0.0
SLX-11165.ORDRB10.HFN3MBBXX.s_5.r_1_screen	23601	23.79	94057	94.82	39136	39.46	5	0.01	95	0.1	0	0.0
SLX-11165.ORDRB10.HFN3MBBXX.s_6.r_1_screen	23516	23.43	95200	94.86	38987	38.85	3	0.0	69	0.07	0	0.0
SLX-11165.ORDRB10.HFN3MBBXX.s_7.r_1_screen	23519	23.72	94287	95.07	39016	39.33	3	0.0	69	0.07	0	0.0
SLX-11165.ORDRB11.HFMVTBBXX.s_1.r_1_screen	21164	21.08	95492	95.15	38307	38.17	2	0.0	53	0.05	0	0.0
SLX-11165.ORDRB11.HFMVTBBXX.s_2.r_1_screen	20947	21.06	94831	95.34	38025	38.22	1	0.0	55	0.06	0	0.0
SLX-11165.ORDRB11.HFN3MBBXX.s_5.r_1_screen	20914	20.97	95055	95.36	37931	38.04	5	0.01	67	0.07	0	0.0
SLX-11165.ORDRB11.HFN3MBBXX.s_6.r_1_screen	20787	20.69	95883	95.41	38030	37.84	1	0.0	60	0.06	0	0.0
SLX-11165.ORDRB11.HFN3MBBXX.s_7.r_1_screen	21160	21.22	95189	95.45	37869	37.97	0	0.0	64	0.06	0	0.0
SLX-11165.ORDRB12.HFMVTBBXX.s_1.r_1_screen	22764	23.13	93553	95.06	39470	40.12	9	0.01	59	0.06	0	0.0
SLX-11165.ORDRB12.HFMVTBBXX.s_2.r_1_screen	23114	23.16	95027	95.21	40049	40.14	9	0.01	51	0.05	0	0.0
SLX-11165.ORDRB12.HFN3MBBXX.s_5.r_1_screen	22718	22.99	94020	95.1	39366	39.82	4	0.0	70	0.07	0	0.0
SLX-11165.ORDRB12.HFN3MBBXX.s_6.r_1_screen	23382	22.94	96772	94.96	40615	39.86	7	0.01	69	0.07	0	0.0
SLX-11165.ORDRB12.HFN3MBBXX.s_7.r_1_screen	22410	22.69	94077	95.25	39464	39.95	4	0.0	71	0.07	0	0.0
SLX-11165.ORDRC05.HFMVTBBXX.s_1.r_1_screen	30640	30.86	92939	93.59	45025	45.34	4	0.0	70	0.07	0	0.0
SLX-11165.ORDRC05.HFMVTBBXX.s_2.r_1_screen	30709	30.49	94619	93.95	45625	45.31	4	0.0	61	0.06	0	0.0
SLX-11165.ORDRC05.HFN3MBBXX.s_5.r_1_screen	30326	30.77	92356	93.69	44526	45.16	3	0.0	68	0.07	0	0.0
SLX-11165.ORDRC05.HFN3MBBXX.s_6.r_1_screen	30962	30.49	95156	93.74	45665	44.98	6	0.01	75	0.07	0	0.0
SLX-11165.ORDRC05.HFN3MBBXX.s_7.r_1_screen	30124	30.57	92514	93.89	44509	45.17	3	0.0	75	0.08	0	0.0
SLX-11165.ORDRC06.HFMVTBBXX.s_1.r_1_screen	43201	43.0	92018	91.59	55890	55.62	7	0.01	56	0.06	0	0.0
SLX-11165.ORDRC06.HFMVTBBXX.s_2.r_1_screen	44114	43.33	93465	91.79	56937	55.92	5	0.0	54	0.05	0	0.0
SLX-11165.ORDRC06.HFN3MBBXX.s_5.r_1_screen	43484	42.75	93308	91.72	56487	55.53	6	0.01	88	0.09	0	0.0
SLX-11165.ORDRC06.HFN3MBBXX.s_6.r_1_screen	41860	42.58	90294	91.86	54158	55.09	3	0.0	78	0.08	0	0.0
SLX-11165.ORDRC06.HFN3MBBXX.s_7.r_1_screen	43260	42.49	93560	91.91	56070	55.07	5	0.0	73	0.07	0	0.0
SLX-11165.ORDRC07.HFMVTBBXX.s_1.r_1_screen	21336	21.36	92260	92.37	35549	35.6	4	0.0	67	0.07	0	0.0
SLX-11165.ORDRC07.HFMVTBBXX.s_2.r_1_screen	21465	21.2	93476	92.37	35948	35.52	2	0.0	71	0.07	0	0.0
SLX-11165.ORDRC07.HFN3MBBXX.s_5.r_1_screen	21118	21.42	91097	92.43	35385	35.9	1	0.0	78	0.08	0	0.0
SLX-11165.ORDRC07.HFN3MBBXX.s_6.r_1_screen	20971	21.28	91076	92.4	34867	35.38	3	0.0	60	0.06	0	0.0
SLX-11165.ORDRC07.HFN3MBBXX.s_7.r_1_screen	21344	21.56	91586	92.53	35467	35.82	2	0.0	72	0.07	0	0.0
SLX-11165.ORDRC08.HFMVTBBXX.s_1.r_1_screen	28460	28.24	94120	93.39	42076	41.76	27	0.03	77	0.08	0	0.0
SLX-11165.ORDRC08.HFMVTBBXX.s_2.r_1_screen	27704	28.13	91994	93.4	41084	41.72	15	0.02	47	0.05	0	0.0
SLX-11165.ORDRC08.HFN3MBBXX.s_5.r_1_screen	28341	28.23	93742	93.42	41714	41.57	19	0.02	68	0.07	0	0.0
SLX-11165.ORDRC08.HFN3MBBXX.s_6.r_1_screen	27660	27.84	92860	93.43	41036	41.29	25	0.03	36	0.04	0	0.0
SLX-11165.ORDRC08.HFN3MBBXX.s_7.r_1_screen	28370	28.16	94258	93.58	41994	41.69	17	0.02	72	0.07	0	0.0
SLX-11165.ORDRC09.HFMVTBBXX.s_1.r_1_screen	28434	28.04	94913	93.61	43958	43.35	22	0.02	65	0.06	0	0.0
SLX-11165.ORDRC09.HFMVTBBXX.s_2.r_1_screen	27725	27.79	93584	93.8	43312	43.41	25	0.02	49	0.05	0	0.0
SLX-11165.ORDRC09.HFN3MBBXX.s_5.r_1_screen	27998	27.79	94284	93.58	43686	43.36	25	0.02	81	0.08	0	0.0
SLX-11165.ORDRC09.HFN3MBBXX.s_6.r_1_screen	27619	27.55	93844	93.65	43010	42.91	18	0.02	65	0.06	0	0.0
SLX-11165.ORDRC09.HFN3MBBXX.s_7.r_1_screen	27811	27.68	94221	93.78	43388	43.19	26	0.02	57	0.06	0	0.0
SLX-11165.ORDRC10.HFMVTBBXX.s_1.r_1_screen	29706	29.64	94182	93.98	44561	44.47	5	0.0	52	0.05	0	0.0
SLX-11165.ORDRC10.HFMVTBBXX.s_2.r_1_screen	29634	29.93	93147	94.09	44272	44.73	2	0.0	56	0.06	0	0.0
SLX-11165.ORDRC10.HFN3MBBXX.s_5.r_1_screen	29540	29.34	94696	94.05	44569	44.26	3	0.0	80	0.08	0	0.0
SLX-11165.ORDRC10.HFN3MBBXX.s_6.r_1_screen	29703	29.4	95039	94.07	44589	44.14	3	0.0	69	0.07	0	0.0
SLX-11165.ORDRC10.HFN3MBBXX.s_7.r_1_screen	29762	29.59	94728	94.17	44932	44.67	4	0.0	66	0.07	0	0.0
SLX-11165.ORDRC11.HFMVTBBXX.s_1.r_1_screen	27436	27.11	96228	95.1	41783	41.29	3	0.0	60	0.06	0	0.0
SLX-11165.ORDRC11.HFMVTBBXX.s_2.r_1_screen	27127	27.07	95335	95.14	41536	41.45	3	0.0	52	0.05	0	0.0
SLX-11165.ORDRC11.HFN3MBBXX.s_5.r_1_screen	26912	27.03	94707	95.13	41134	41.32	3	0.0	59	0.06	0	0.0
SLX-11165.ORDRC11.HFN3MBBXX.s_6.r_1_screen	26760	26.95	94552	95.24	40688	40.98	1	0.0	54	0.05	0	0.0
SLX-11165.ORDRC11.HFN3MBBXX.s_7.r_1_screen	26731	26.92	94646	95.3	41011	41.29	2	0.0	57	0.06	0	0.0
SLX-11165.ORDRC12.HFMVTBBXX.s_1.r_1_screen	22739	22.58	95943	95.25	38926	38.65	2	0.0	73	0.07	0	0.0
SLX-11165.ORDRC12.HFMVTBBXX.s_2.r_1_screen	22145	22.31	94705	95.39	38472	38.76	2	0.0	53	0.05	0	0.0
SLX-11165.ORDRC12.HFN3MBBXX.s_5.r_1_screen	22329	22.19	95810	95.19	38543	38.3	4	0.0	79	0.08	0	0.0
SLX-11165.ORDRC12.HFN3MBBXX.s_6.r_1_screen	21850	21.9	94984	95.2	37890	37.98	1	0.0	71	0.07	0	0.0
SLX-11165.ORDRC12.HFN3MBBXX.s_7.r_1_screen	22136	22.1	95593	95.47	38545	38.49	1	0.0	83	0.08	0	0.0
SLX-11165.ORDRD04.HFMVTBBXX.s_1.r_1_screen	17508	17.29	96582	95.36	35075	34.62	9	0.01	52	0.05	0	0.0
SLX-11165.ORDRD04.HFMVTBBXX.s_2.r_1_screen	17365	17.27	96023	95.47	34866	34.66	6	0.01	52	0.05	0	0.0
SLX-11165.ORDRD04.HFN3MBBXX.s_5.r_1_screen	17534	17.41	96057	95.38	35093	34.84	2	0.0	53	0.05	0	0.0
SLX-11165.ORDRD04.HFN3MBBXX.s_6.r_1_screen	16916	16.72	96489	95.4	34416	34.02	3	0.0	47	0.05	0	0.0
SLX-11165.ORDRD04.HFN3MBBXX.s_7.r_1_screen	17647	17.45	96652	95.6	35147	34.77	1	0.0	48	0.05	0	0.0
SLX-11165.ORDRD05.HFMVTBBXX.s_1.r_1_screen	16011	15.78	96524	95.12	32862	32.38	4	0.0	70	0.07	0	0.0
SLX-11165.ORDRD05.HFMVTBBXX.s_2.r_1_screen	16061	15.56	98362	95.34	33410	32.38	4	0.0	54	0.05	0	0.0
SLX-11165.ORDRD05.HFN3MBBXX.s_5.r_1_screen	15840	15.49	97390	95.29	32658	31.95	2	0.0	71	0.07	0	0.0
SLX-11165.ORDRD05.HFN3MBBXX.s_6.r_1_screen	15168	15.48	93371	95.34	31050	31.7	3	0.0	63	0.06	0	0.0
SLX-11165.ORDRD05.HFN3MBBXX.s_7.r_1_screen	16217	15.8	98010	95.46	33071	32.21	3	0.0	64	0.06	0	0.0
SLX-11165.ORDRD06.HFMVTBBXX.s_1.r_1_screen	34872	34.51	94030	93.07	49483	48.98	3	0.0	74	0.07	0	0.0
SLX-11165.ORDRD06.HFMVTBBXX.s_2.r_1_screen	34205	34.7	91829	93.18	48625	49.35	4	0.0	56	0.06	0	0.0
SLX-11165.ORDRD06.HFN3MBBXX.s_5.r_1_screen	34834	34.3	94818	93.37	49485	48.73	4	0.0	86	0.08	0	0.0
SLX-11165.ORDRD06.HFN3MBBXX.s_6.r_1_screen	33690	33.67	93251	93.19	48195	48.17	7	0.01	73	0.07	0	0.0
SLX-11165.ORDRD06.HFN3MBBXX.s_7.r_1_screen	34664	34.23	94553	93.37	49521	48.9	3	0.0	81	0.08	0	0.0
SLX-11165.ORDRD07.HFMVTBBXX.s_1.r_1_screen	18749	19.09	89196	90.81	30427	30.97	317	0.32	55	0.06	0	0.0
SLX-11165.ORDRD07.HFMVTBBXX.s_2.r_1_screen	18835	18.8	91010	90.85	30586	30.53	296	0.3	51	0.05	0	0.0
SLX-11165.ORDRD07.HFN3MBBXX.s_5.r_1_screen	18493	18.69	89792	90.78	30310	30.65	305	0.31	78	0.08	0	0.0
SLX-11165.ORDRD07.HFN3MBBXX.s_6.r_1_screen	18433	18.76	89494	91.09	29865	30.4	281	0.29	54	0.05	0	0.0
SLX-11165.ORDRD07.HFN3MBBXX.s_7.r_1_screen	18438	18.6	90108	90.91	30039	30.3	310	0.32	56	0.06	0	0.0
SLX-11165.ORDRD08.HFMVTBBXX.s_1.r_1_screen	41743	42.42	91055	92.56	53607	54.49	4	0.0	54	0.05	0	0.0
SLX-11165.ORDRD08.HFMVTBBXX.s_2.r_1_screen	42256	42.26	92793	92.78	54438	54.44	3	0.0	45	0.04	0	0.0
SLX-11165.ORDRD08.HFN3MBBXX.s_5.r_1_screen	41951	41.84	92910	92.64	54166	54.02	7	0.01	70	0.07	0	0.0
SLX-11165.ORDRD08.HFN3MBBXX.s_6.r_1_screen	41459	41.67	92329	92.8	53511	53.79	3	0.0	52	0.05	0	0.0
SLX-11165.ORDRD08.HFN3MBBXX.s_7.r_1_screen	41498	41.52	92773	92.82	53801	53.83	4	0.0	69	0.07	0	0.0
SLX-11165.ORDRD09.HFMVTBBXX.s_1.r_1_screen	27148	27.24	93736	94.06	41932	42.08	10	0.01	43	0.04	0	0.0
SLX-11165.ORDRD09.HFMVTBBXX.s_2.r_1_screen	27782	27.46	95139	94.06	42807	42.32	11	0.01	51	0.05	0	0.0
SLX-11165.ORDRD09.HFN3MBBXX.s_5.r_1_screen	26409	26.75	92903	94.13	41262	41.8	8	0.01	63	0.06	0	0.0
SLX-11165.ORDRD09.HFN3MBBXX.s_6.r_1_screen	26543	26.95	92888	94.28	41124	41.74	17	0.02	48	0.05	0	0.0
SLX-11165.ORDRD09.HFN3MBBXX.s_7.r_1_screen	26623	27.0	93106	94.42	41434	42.02	14	0.01	56	0.06	0	0.0
SLX-11165.ORDRD10.HFMVTBBXX.s_1.r_1_screen	27869	27.61	94928	94.05	42324	41.94	13	0.01	90	0.09	0	0.0
SLX-11165.ORDRD10.HFMVTBBXX.s_2.r_1_screen	27869	27.83	94280	94.15	42111	42.06	9	0.01	67	0.07	0	0.0
SLX-11165.ORDRD10.HFN3MBBXX.s_5.r_1_screen	27031	27.27	93392	94.22	41152	41.51	17	0.02	103	0.1	0	0.0
SLX-11165.ORDRD10.HFN3MBBXX.s_6.r_1_screen	26979	26.96	94413	94.38	41479	41.47	11	0.01	58	0.06	0	0.0
SLX-11165.ORDRD10.HFN3MBBXX.s_7.r_1_screen	26949	27.18	93577	94.4	41332	41.7	9	0.01	80	0.08	0	0.0
SLX-11165.ORDRD11.HFMVTBBXX.s_1.r_1_screen	14735	14.63	96690	96.03	30162	29.94	18	0.02	74	0.07	0	0.0
SLX-11165.ORDRD11.HFMVTBBXX.s_2.r_1_screen	14525	14.63	95484	96.2	29901	30.12	11	0.01	61	0.06	0	0.0
SLX-11165.ORDRD11.HFN3MBBXX.s_5.r_1_screen	14898	14.72	97329	96.21	30455	30.11	13	0.01	70	0.07	0	0.0
SLX-11165.ORDRD11.HFN3MBBXX.s_6.r_1_screen	14916	14.77	97171	96.22	30102	29.8	7	0.01	67	0.07	0	0.0
SLX-11165.ORDRD11.HFN3MBBXX.s_7.r_1_screen	14961	14.83	97209	96.37	30124	29.86	8	0.01	67	0.07	0	0.0
SLX-11165.ORDRD12.HFMVTBBXX.s_1.r_1_screen	13367	13.38	96599	96.65	28383	28.4	3	0.0	55	0.06	0	0.0
SLX-11165.ORDRD12.HFMVTBBXX.s_2.r_1_screen	13135	13.23	95946	96.7	28032	28.25	1	0.0	49	0.05	0	0.0
SLX-11165.ORDRD12.HFN3MBBXX.s_5.r_1_screen	13136	13.17	96452	96.62	28299	28.35	2	0.0	69	0.07	0	0.0
SLX-11165.ORDRD12.HFN3MBBXX.s_6.r_1_screen	13259	13.17	97400	96.73	28455	28.26	2	0.0	73	0.07	0	0.0
SLX-11165.ORDRD12.HFN3MBBXX.s_7.r_1_screen	13204	13.22	96652	96.8	28230	28.28	5	0.01	72	0.07	0	0.0
SLX-11165.ORDRE04.HFMVTBBXX.s_1.r_1_screen	29662	29.45	94329	93.65	45489	45.15	2	0.0	51	0.05	0	0.0
SLX-11165.ORDRE04.HFMVTBBXX.s_2.r_1_screen	29307	29.23	94158	93.89	45128	45.01	1	0.0	45	0.04	0	0.0
SLX-11165.ORDRE04.HFN3MBBXX.s_5.r_1_screen	28442	28.69	92962	93.79	44193	44.59	0	0.0	57	0.06	0	0.0
SLX-11165.ORDRE04.HFN3MBBXX.s_6.r_1_screen	28957	28.82	94094	93.66	44772	44.57	5	0.0	55	0.05	0	0.0
SLX-11165.ORDRE04.HFN3MBBXX.s_7.r_1_screen	28648	28.86	93222	93.92	44566	44.9	1	0.0	68	0.07	0	0.0
SLX-11165.ORDRE06.HFMVTBBXX.s_1.r_1_screen	20556	20.06	97496	95.15	34342	33.51	11	0.01	48	0.05	0	0.0
SLX-11165.ORDRE06.HFMVTBBXX.s_2.r_1_screen	19554	19.75	94450	95.42	32827	33.17	6	0.01	64	0.06	0	0.0
SLX-11165.ORDRE06.HFN3MBBXX.s_5.r_1_screen	19924	19.65	96539	95.23	33475	33.01	9	0.01	89	0.09	0	0.0
SLX-11165.ORDRE06.HFN3MBBXX.s_6.r_1_screen	19688	19.86	94560	95.35	32689	32.96	9	0.01	66	0.07	0	0.0
SLX-11165.ORDRE06.HFN3MBBXX.s_7.r_1_screen	20075	19.83	96507	95.35	33510	33.12	9	0.01	67	0.07	0	0.0
SLX-11165.ORDRE07.HFMVTBBXX.s_1.r_1_screen	26755	26.47	94800	93.77	42028	41.57	8	0.01	66	0.07	0	0.0
SLX-11165.ORDRE07.HFMVTBBXX.s_2.r_1_screen	26091	26.27	93447	94.05	41343	41.61	8	0.01	45	0.05	0	0.0
SLX-11165.ORDRE07.HFN3MBBXX.s_5.r_1_screen	26328	26.18	94425	93.93	41752	41.54	2	0.0	66	0.07	0	0.0
SLX-11165.ORDRE07.HFN3MBBXX.s_6.r_1_screen	26357	26.11	94704	93.8	41491	41.11	3	0.0	61	0.06	0	0.0
SLX-11165.ORDRE07.HFN3MBBXX.s_7.r_1_screen	26039	25.94	94537	94.15	41222	41.05	1	0.0	58	0.06	0	0.0
SLX-11165.ORDRE08.HFMVTBBXX.s_1.r_1_screen	36089	35.57	94662	93.29	49224	48.51	2	0.0	48	0.05	0	0.0
SLX-11165.ORDRE08.HFMVTBBXX.s_2.r_1_screen	35223	35.66	92477	93.65	47971	48.58	5	0.01	54	0.05	0	0.0
SLX-11165.ORDRE08.HFN3MBBXX.s_5.r_1_screen	34933	35.25	92708	93.55	47985	48.42	5	0.0	77	0.08	0	0.0
SLX-11165.ORDRE08.HFN3MBBXX.s_6.r_1_screen	34145	34.77	91961	93.61	47048	47.89	4	0.0	55	0.06	0	0.0
SLX-11165.ORDRE08.HFN3MBBXX.s_7.r_1_screen	34758	35.14	92742	93.78	47741	48.28	8	0.01	72	0.07	0	0.0
SLX-11165.ORDRE09.HFMVTBBXX.s_1.r_1_screen	24479	24.21	95916	94.89	41675	41.22	5	0.0	63	0.06	0	0.0
SLX-11165.ORDRE09.HFMVTBBXX.s_2.r_1_screen	24062	24.3	94085	95.02	41065	41.47	2	0.0	45	0.05	0	0.0
SLX-11165.ORDRE09.HFN3MBBXX.s_5.r_1_screen	23798	24.02	94026	94.87	40925	41.29	4	0.0	58	0.06	0	0.0
SLX-11165.ORDRE09.HFN3MBBXX.s_6.r_1_screen	23355	23.62	94086	95.14	40324	40.78	4	0.0	38	0.04	0	0.0
SLX-11165.ORDRE09.HFN3MBBXX.s_7.r_1_screen	23724	23.95	94285	95.15	40594	40.97	7	0.01	62	0.06	0	0.0
SLX-11165.ORDRE10.HFMVTBBXX.s_1.r_1_screen	25132	25.5	93726	95.08	39723	40.3	2	0.0	57	0.06	0	0.0
SLX-11165.ORDRE10.HFMVTBBXX.s_2.r_1_screen	25211	25.2	95216	95.18	40148	40.12	1	0.0	61	0.06	0	0.0
SLX-11165.ORDRE10.HFN3MBBXX.s_5.r_1_screen	24974	25.2	94162	94.99	39475	39.82	3	0.0	84	0.08	0	0.0
SLX-11165.ORDRE10.HFN3MBBXX.s_6.r_1_screen	24974	25.08	94920	95.3	39662	39.83	5	0.01	50	0.05	0	0.0
SLX-11165.ORDRE10.HFN3MBBXX.s_7.r_1_screen	24768	25.01	94343	95.24	39541	39.92	4	0.0	60	0.06	0	0.0
SLX-11165.ORDRE11.HFMVTBBXX.s_1.r_1_screen	15418	15.65	94564	96.02	29755	30.21	7	0.01	54	0.05	0	0.0
SLX-11165.ORDRE11.HFMVTBBXX.s_2.r_1_screen	15515	15.48	96184	96.01	29907	29.86	20	0.02	42	0.04	0	0.0
SLX-11165.ORDRE11.HFN3MBBXX.s_5.r_1_screen	15459	15.6	95202	96.06	29689	29.95	12	0.01	58	0.06	0	0.0
SLX-11165.ORDRE11.HFN3MBBXX.s_6.r_1_screen	15130	15.29	95133	96.12	29215	29.51	12	0.01	58	0.06	0	0.0
SLX-11165.ORDRE11.HFN3MBBXX.s_7.r_1_screen	15046	15.17	95232	96.08	29495	29.75	6	0.01	62	0.06	0	0.0
SLX-11165.ORDRE12.HFMVTBBXX.s_1.r_1_screen	14570	14.8	94923	96.43	28820	29.27	1	0.0	47	0.05	0	0.0
SLX-11165.ORDRE12.HFMVTBBXX.s_2.r_1_screen	14602	14.6	96632	96.58	28927	28.91	4	0.0	63	0.06	0	0.0
SLX-11165.ORDRE12.HFN3MBBXX.s_5.r_1_screen	14477	14.69	95045	96.47	28864	29.3	3	0.0	68	0.07	0	0.0
SLX-11165.ORDRE12.HFN3MBBXX.s_6.r_1_screen	14275	14.43	95411	96.5	28486	28.82	3	0.0	55	0.06	0	0.0
SLX-11165.ORDRE12.HFN3MBBXX.s_7.r_1_screen	14376	14.58	95361	96.69	28834	29.23	2	0.0	67	0.07	0	0.0
SLX-11165.ORDRF04.HFMVTBBXX.s_1.r_1_screen	26364	25.88	95856	94.09	41899	41.13	3	0.0	44	0.04	0	0.0
SLX-11165.ORDRF04.HFMVTBBXX.s_2.r_1_screen	25517	25.72	93127	93.89	40759	41.09	5	0.0	55	0.06	0	0.0
SLX-11165.ORDRF04.HFN3MBBXX.s_5.r_1_screen	25673	25.58	94251	93.93	41071	40.93	7	0.01	69	0.07	0	0.0
SLX-11165.ORDRF04.HFN3MBBXX.s_6.r_1_screen	25313	25.31	94093	94.08	40446	40.44	4	0.0	55	0.05	0	0.0
SLX-11165.ORDRF04.HFN3MBBXX.s_7.r_1_screen	25514	25.46	94408	94.22	40838	40.75	2	0.0	64	0.06	0	0.0
SLX-11165.ORDRF05.HFMVTBBXX.s_1.r_1_screen	29255	29.13	94266	93.86	44198	44.0	2	0.0	71	0.07	0	0.0
SLX-11165.ORDRF05.HFMVTBBXX.s_2.r_1_screen	28458	29.16	91604	93.89	43157	44.23	1	0.0	60	0.06	0	0.0
SLX-11165.ORDRF05.HFN3MBBXX.s_5.r_1_screen	28673	28.95	92982	93.89	43349	43.77	4	0.0	68	0.07	0	0.0
SLX-11165.ORDRF05.HFN3MBBXX.s_6.r_1_screen	28037	28.64	91995	93.96	42858	43.77	3	0.0	67	0.07	0	0.0
SLX-11165.ORDRF05.HFN3MBBXX.s_7.r_1_screen	28714	28.91	93485	94.12	43394	43.69	3	0.0	65	0.07	0	0.0
SLX-11165.ORDRF06.HFMVTBBXX.s_1.r_1_screen	30874	31.6	91364	93.47	44879	45.92	10	0.01	55	0.06	0	0.0
SLX-11165.ORDRF06.HFMVTBBXX.s_2.r_1_screen	31372	31.5	93423	93.78	45702	45.87	5	0.01	49	0.05	0	0.0
SLX-11165.ORDRF06.HFN3MBBXX.s_5.r_1_screen	31054	31.44	92533	93.7	45372	45.94	7	0.01	78	0.08	0	0.0
SLX-11165.ORDRF06.HFN3MBBXX.s_6.r_1_screen	31930	31.33	95447	93.63	46491	45.61	8	0.01	61	0.06	0	0.0
SLX-11165.ORDRF06.HFN3MBBXX.s_7.r_1_screen	31079	31.42	92843	93.87	45469	45.96	11	0.01	71	0.07	0	0.0
SLX-11165.ORDRF07.HFMVTBBXX.s_1.r_1_screen	14425	14.63	95223	96.55	29500	29.91	6	0.01	42	0.04	0	0.0
SLX-11165.ORDRF07.HFMVTBBXX.s_2.r_1_screen	14569	14.56	96522	96.51	30035	30.03	9	0.01	53	0.05	0	0.0
SLX-11165.ORDRF07.HFN3MBBXX.s_5.r_1_screen	14840	14.6	98126	96.51	30433	29.94	0	0.0	46	0.05	0	0.0
SLX-11165.ORDRF07.HFN3MBBXX.s_6.r_1_screen	14809	14.59	97914	96.5	30289	29.85	6	0.0	57	0.06	0	0.0
SLX-11165.ORDRF07.HFN3MBBXX.s_7.r_1_screen	14296	14.54	95067	96.67	29310	29.81	2	0.0	58	0.06	0	0.0
SLX-11165.ORDRF08.HFMVTBBXX.s_1.r_1_screen	26571	26.73	93291	93.88	41700	41.96	10	0.01	54	0.05	0	0.0
SLX-11165.ORDRF08.HFMVTBBXX.s_2.r_1_screen	26332	26.22	94348	93.96	41746	41.57	5	0.0	60	0.06	0	0.0
SLX-11165.ORDRF08.HFN3MBBXX.s_5.r_1_screen	25969	26.28	92897	94.03	40924	41.42	8	0.01	82	0.08	0	0.0
SLX-11165.ORDRF08.HFN3MBBXX.s_6.r_1_screen	26155	25.81	95377	94.08	41658	41.08	4	0.0	76	0.07	0	0.0
SLX-11165.ORDRF08.HFN3MBBXX.s_7.r_1_screen	25828	26.19	92914	94.2	40679	41.24	2	0.0	74	0.08	0	0.0
SLX-11165.ORDRF09.HFMVTBBXX.s_1.r_1_screen	22022	22.02	95377	95.34	37900	37.88	10	0.01	40	0.04	0	0.0
SLX-11165.ORDRF09.HFMVTBBXX.s_2.r_1_screen	21395	21.69	94008	95.33	36918	37.43	4	0.0	40	0.04	0	0.0
SLX-11165.ORDRF09.HFN3MBBXX.s_5.r_1_screen	21279	21.37	94910	95.35	37031	37.21	5	0.0	67	0.07	0	0.0
SLX-11165.ORDRF09.HFN3MBBXX.s_6.r_1_screen	21262	21.27	95354	95.41	37020	37.04	5	0.0	61	0.06	0	0.0
SLX-11165.ORDRF09.HFN3MBBXX.s_7.r_1_screen	21312	21.43	95046	95.61	37123	37.35	7	0.01	66	0.07	0	0.0
SLX-11165.ORDRF11.HFMVTBBXX.s_1.r_1_screen	24970	25.09	94732	95.19	41819	42.02	5	0.01	60	0.06	0	0.0
SLX-11165.ORDRF11.HFMVTBBXX.s_2.r_1_screen	25283	25.19	95805	95.47	42276	42.13	2	0.0	67	0.07	0	0.0
SLX-11165.ORDRF11.HFN3MBBXX.s_5.r_1_screen	24971	24.74	96273	95.37	42015	41.62	2	0.0	82	0.08	0	0.0
SLX-11165.ORDRF11.HFN3MBBXX.s_6.r_1_screen	25044	24.81	96355	95.45	41982	41.58	8	0.01	79	0.08	0	0.0
SLX-11165.ORDRF11.HFN3MBBXX.s_7.r_1_screen	25179	25.02	96213	95.62	42161	41.9	3	0.0	87	0.09	0	0.0
SLX-11165.ORDRF12.HFMVTBBXX.s_1.r_1_screen	21772	21.37	97132	95.35	37804	37.11	3	0.0	64	0.06	0	0.0
SLX-11165.ORDRF12.HFMVTBBXX.s_2.r_1_screen	21284	21.3	95414	95.53	36706	36.76	0	0.0	61	0.06	0	0.0
SLX-11165.ORDRF12.HFN3MBBXX.s_5.r_1_screen	21297	20.97	96868	95.37	36925	36.35	3	0.0	73	0.07	0	0.0
SLX-11165.ORDRF12.HFN3MBBXX.s_6.r_1_screen	21021	20.81	96473	95.54	36585	36.23	2	0.0	57	0.06	0	0.0
SLX-11165.ORDRF12.HFN3MBBXX.s_7.r_1_screen	21236	20.97	96900	95.7	36829	36.38	2	0.0	63	0.06	0	0.0
SLX-11165.ORDRG04.HFMVTBBXX.s_1.r_1_screen	18842	18.98	94086	94.73	35251	35.49	3	0.0	64	0.06	0	0.0
SLX-11165.ORDRG04.HFMVTBBXX.s_2.r_1_screen	18774	18.59	95824	94.91	35726	35.39	3	0.0	51	0.05	0	0.0
SLX-11165.ORDRG04.HFN3MBBXX.s_5.r_1_screen	18716	18.73	94644	94.69	35266	35.28	3	0.0	80	0.08	0	0.0
SLX-11165.ORDRG04.HFN3MBBXX.s_6.r_1_screen	18602	18.5	95361	94.84	35503	35.32	4	0.0	74	0.07	0	0.0
SLX-11165.ORDRG04.HFN3MBBXX.s_7.r_1_screen	18619	18.61	95002	94.97	35419	35.41	3	0.0	71	0.07	0	0.0
SLX-11165.ORDRG05.HFMVTBBXX.s_1.r_1_screen	21290	21.43	94968	95.58	37752	38.0	4	0.0	57	0.06	0	0.0
SLX-11165.ORDRG05.HFMVTBBXX.s_2.r_1_screen	21793	21.47	97041	95.64	38525	37.97	0	0.0	65	0.06	0	0.0
SLX-11165.ORDRG05.HFN3MBBXX.s_5.r_1_screen	21596	21.26	97150	95.6	38285	37.68	5	0.0	68	0.07	0	0.0
SLX-11165.ORDRG05.HFN3MBBXX.s_6.r_1_screen	20902	21.21	94429	95.77	37163	37.69	4	0.0	55	0.06	0	0.0
SLX-11165.ORDRG05.HFN3MBBXX.s_7.r_1_screen	21446	21.05	97443	95.68	38515	37.82	3	0.0	74	0.07	0	0.0
SLX-11165.ORDRG06.HFMVTBBXX.s_1.r_1_screen	25305	25.35	94101	94.27	40400	40.47	3	0.0	72	0.07	0	0.0
SLX-11165.ORDRG06.HFMVTBBXX.s_2.r_1_screen	25933	25.58	95708	94.4	41437	40.88	6	0.01	68	0.07	0	0.0
SLX-11165.ORDRG06.HFN3MBBXX.s_5.r_1_screen	25264	25.43	93849	94.47	40582	40.85	23	0.02	79	0.08	0	0.0
SLX-11165.ORDRG06.HFN3MBBXX.s_6.r_1_screen	25372	25.13	95323	94.41	40520	40.13	12	0.01	66	0.07	0	0.0
SLX-11165.ORDRG06.HFN3MBBXX.s_7.r_1_screen	24886	25.19	93353	94.54	40154	40.65	8	0.01	87	0.09	0	0.0
SLX-11165.ORDRG07.HFMVTBBXX.s_1.r_1_screen	16603	16.61	93790	93.84	32211	32.23	19	0.02	63	0.06	0	0.0
SLX-11165.ORDRG07.HFMVTBBXX.s_2.r_1_screen	16484	16.28	95153	94.0	32543	32.15	13	0.01	51	0.05	0	0.0
SLX-11165.ORDRG07.HFN3MBBXX.s_5.r_1_screen	16403	16.55	93029	93.86	31809	32.1	19	0.02	61	0.06	0	0.0
SLX-11165.ORDRG07.HFN3MBBXX.s_6.r_1_screen	16093	16.18	93408	93.81	31553	31.7	19	0.02	65	0.07	0	0.0
SLX-11165.ORDRG07.HFN3MBBXX.s_7.r_1_screen	16254	16.41	93158	94.02	31980	32.28	18	0.02	72	0.07	0	0.0
SLX-11165.ORDRG08.HFMVTBBXX.s_1.r_1_screen	16890	16.53	97939	95.79	30683	30.01	10	0.01	56	0.05	0	0.0
SLX-11165.ORDRG08.HFMVTBBXX.s_2.r_1_screen	16266	16.39	95226	95.94	29941	30.16	12	0.01	56	0.06	0	0.0
SLX-11165.ORDRG08.HFN3MBBXX.s_5.r_1_screen	15948	16.3	93834	95.88	29356	30.0	10	0.01	52	0.05	0	0.0
SLX-11165.ORDRG08.HFN3MBBXX.s_6.r_1_screen	16477	16.31	96873	95.93	30341	30.04	10	0.01	39	0.04	0	0.0
SLX-11165.ORDRG08.HFN3MBBXX.s_7.r_1_screen	16823	16.47	98153	96.05	30976	30.31	11	0.01	64	0.06	0	0.0
SLX-11165.ORDRG09.HFMVTBBXX.s_1.r_1_screen	31675	16.73	181577	95.93	60879	32.16	52	0.03	131	0.07	0	0.0
SLX-11165.ORDRG09.HFMVTBBXX.s_2.r_1_screen	32049	16.74	183812	96.02	61711	32.23	67	0.03	148	0.08	0	0.0
SLX-11165.ORDRG09.HFN3MBBXX.s_5.r_1_screen	17457	16.72	100024	95.83	33554	32.15	33	0.03	89	0.09	0	0.0
SLX-11165.ORDRG09.HFN3MBBXX.s_6.r_1_screen	17611	16.36	103372	95.99	33834	31.41	34	0.03	69	0.06	0	0.0
SLX-11165.ORDRG09.HFN3MBBXX.s_7.r_1_screen	17453	16.69	100489	96.14	33668	32.21	34	0.03	82	0.08	0	0.0
SLX-11165.ORDRG10.HFMVTBBXX.s_1.r_1_screen	18772	18.57	96336	95.25	37194	36.79	7	0.01	53	0.05	0	0.0
SLX-11165.ORDRG10.HFMVTBBXX.s_2.r_1_screen	18351	18.5	94751	95.48	36575	36.86	17	0.02	61	0.06	0	0.0
SLX-11165.ORDRG10.HFN3MBBXX.s_5.r_1_screen	18593	18.37	96561	95.36	36973	36.51	7	0.01	70	0.07	0	0.0
SLX-11165.ORDRG10.HFN3MBBXX.s_6.r_1_screen	18457	18.22	96577	95.36	36872	36.4	6	0.01	60	0.06	0	0.0
SLX-11165.ORDRG10.HFN3MBBXX.s_7.r_1_screen	18825	18.63	96450	95.47	37119	36.74	10	0.01	75	0.07	0	0.0
SLX-11165.ORDRG11.HFMVTBBXX.s_1.r_1_screen	20292	20.44	95062	95.73	36669	36.94	4	0.0	65	0.07	0	0.0
SLX-11165.ORDRG11.HFMVTBBXX.s_2.r_1_screen	20505	20.29	96786	95.77	37207	36.82	3	0.0	61	0.06	0	0.0
SLX-11165.ORDRG11.HFN3MBBXX.s_5.r_1_screen	20177	20.07	96110	95.57	36758	36.57	2	0.0	88	0.09	0	0.0
SLX-11165.ORDRG11.HFN3MBBXX.s_6.r_1_screen	20257	20.31	95402	95.66	36517	36.62	1	0.0	55	0.06	0	0.0
SLX-11165.ORDRG11.HFN3MBBXX.s_7.r_1_screen	20400	20.28	96445	95.91	37224	37.02	2	0.0	80	0.08	0	0.0
SLX-11165.ORDRG12.HFMVTBBXX.s_1.r_1_screen	19879	19.79	95696	95.22	37243	37.06	8	0.01	83	0.08	0	0.0
SLX-11165.ORDRG12.HFMVTBBXX.s_2.r_1_screen	19457	19.72	93982	95.26	36176	36.66	11	0.01	65	0.07	0	0.0
SLX-11165.ORDRG12.HFN3MBBXX.s_5.r_1_screen	19457	19.61	94740	95.44	36393	36.66	8	0.01	92	0.09	0	0.0
SLX-11165.ORDRG12.HFN3MBBXX.s_6.r_1_screen	19225	19.27	95154	95.34	36330	36.39	11	0.01	77	0.08	0	0.0
SLX-11165.ORDRG12.HFN3MBBXX.s_7.r_1_screen	19220	19.39	94657	95.52	36414	36.74	5	0.01	100	0.1	0	0.0
SLX-11165.ORDRH04.HFMVTBBXX.s_1.r_1_screen	31909	32.31	92048	93.2	46244	46.83	4	0.0	61	0.06	0	0.0
SLX-11165.ORDRH04.HFMVTBBXX.s_2.r_1_screen	32483	32.28	93686	93.11	47150	46.87	5	0.0	54	0.05	0	0.0
SLX-11165.ORDRH04.HFN3MBBXX.s_5.r_1_screen	32142	32.02	93609	93.27	46782	46.61	4	0.0	57	0.06	0	0.0
SLX-11165.ORDRH04.HFN3MBBXX.s_6.r_1_screen	31642	31.67	93108	93.17	46384	46.41	7	0.01	60	0.06	0	0.0
SLX-11165.ORDRH04.HFN3MBBXX.s_7.r_1_screen	32048	31.92	93763	93.38	46683	46.49	6	0.01	64	0.06	0	0.0
SLX-11165.ORDRH05.HFMVTBBXX.s_1.r_1_screen	19904	19.54	97982	96.2	36749	36.08	4	0.0	69	0.07	0	0.0
SLX-11165.ORDRH05.HFMVTBBXX.s_2.r_1_screen	18864	19.27	94234	96.28	35424	36.18	4	0.0	41	0.04	0	0.0
SLX-11165.ORDRH05.HFN3MBBXX.s_5.r_1_screen	19742	19.56	96993	96.12	36561	36.24	0	0.0	58	0.06	0	0.0
SLX-11165.ORDRH05.HFN3MBBXX.s_6.r_1_screen	19195	19.47	94813	96.16	35245	35.75	5	0.01	42	0.04	0	0.0
SLX-11165.ORDRH05.HFN3MBBXX.s_7.r_1_screen	19526	19.5	96321	96.2	36195	36.16	2	0.0	58	0.06	0	0.0
SLX-11165.ORDRH06.HFMVTBBXX.s_1.r_1_screen	18876	18.44	98576	96.3	33830	33.05	1	0.0	43	0.04	0	0.0
SLX-11165.ORDRH06.HFMVTBBXX.s_2.r_1_screen	18028	18.02	96319	96.3	32896	32.88	7	0.0	42	0.04	0	0.0
SLX-11165.ORDRH06.HFN3MBBXX.s_5.r_1_screen	18264	18.04	97505	96.28	32925	32.5	5	0.0	66	0.07	0	0.0
SLX-11165.ORDRH06.HFN3MBBXX.s_6.r_1_screen	18131	18.08	96433	96.22	32826	32.76	5	0.0	46	0.05	0	0.0
SLX-11165.ORDRH06.HFN3MBBXX.s_7.r_1_screen	18504	18.18	98154	96.41	33210	32.62	8	0.01	62	0.06	0	0.0
SLX-11165.ORDRH07.HFMVTBBXX.s_1.r_1_screen	25862	26.25	93069	94.45	41015	41.63	1	0.0	58	0.06	0	0.0
SLX-11165.ORDRH07.HFMVTBBXX.s_2.r_1_screen	26237	26.21	94741	94.63	41486	41.43	1	0.0	69	0.07	0	0.0
SLX-11165.ORDRH07.HFN3MBBXX.s_5.r_1_screen	25491	25.69	93925	94.68	40760	41.08	6	0.01	95	0.1	0	0.0
SLX-11165.ORDRH07.HFN3MBBXX.s_6.r_1_screen	25295	25.66	93224	94.57	40114	40.69	2	0.0	64	0.06	0	0.0
SLX-11165.ORDRH07.HFN3MBBXX.s_7.r_1_screen	25863	26.17	93581	94.7	40959	41.45	4	0.0	80	0.08	0	0.0
SLX-11165.ORDRH08.HFMVTBBXX.s_1.r_1_screen	23351	23.31	93791	93.65	39718	39.66	24	0.02	67	0.07	0	0.0
SLX-11165.ORDRH08.HFMVTBBXX.s_2.r_1_screen	23492	23.2	94993	93.8	40116	39.62	28	0.03	57	0.06	0	0.0
SLX-11165.ORDRH08.HFN3MBBXX.s_5.r_1_screen	22579	23.05	91989	93.89	38707	39.52	27	0.03	83	0.08	0	0.0
SLX-11165.ORDRH08.HFN3MBBXX.s_6.r_1_screen	23055	22.86	94622	93.81	39524	39.19	26	0.03	65	0.06	0	0.0
SLX-11165.ORDRH08.HFN3MBBXX.s_7.r_1_screen	22492	23.01	91891	93.99	38553	39.43	30	0.03	84	0.09	0	0.0
SLX-11165.ORDRH09.HFMVTBBXX.s_1.r_1_screen	18924	19.16	44319	44.88	24359	24.66	13	0.01	85	0.09	0	0.0
SLX-11165.ORDRH09.HFMVTBBXX.s_2.r_1_screen	19167	19.12	44691	44.6	24638	24.58	8	0.01	75	0.07	0	0.0
SLX-11165.ORDRH09.HFN3MBBXX.s_5.r_1_screen	19387	19.18	45527	45.04	24983	24.71	7	0.0	102	0.1	0	0.0
SLX-11165.ORDRH09.HFN3MBBXX.s_6.r_1_screen	18796	18.62	44906	44.49	24387	24.16	9	0.01	77	0.08	0	0.0
SLX-11165.ORDRH09.HFN3MBBXX.s_7.r_1_screen	19228	19.0	45411	44.85	24841	24.54	11	0.01	85	0.08	0	0.0
SLX-11165.ORDRH10.HFMVTBBXX.s_1.r_1_screen	18760	18.94	94854	95.76	36966	37.31	3	0.0	55	0.06	0	0.0
SLX-11165.ORDRH10.HFMVTBBXX.s_2.r_1_screen	18743	18.65	96361	95.84	37052	36.85	3	0.0	62	0.06	0	0.0
SLX-11165.ORDRH10.HFN3MBBXX.s_5.r_1_screen	18782	18.71	96120	95.74	36900	36.75	2	0.0	91	0.09	0	0.0
SLX-11165.ORDRH10.HFN3MBBXX.s_6.r_1_screen	18303	18.41	95277	95.8	36125	36.33	3	0.0	57	0.06	0	0.0
SLX-11165.ORDRH10.HFN3MBBXX.s_7.r_1_screen	18659	18.58	96260	95.88	36973	36.82	3	0.0	65	0.06	0	0.0
SLX-11165.ORDRH11.HFMVTBBXX.s_1.r_1_screen	20734	20.76	95724	95.79	36013	36.04	4	0.0	56	0.06	0	0.0
SLX-11165.ORDRH11.HFMVTBBXX.s_2.r_1_screen	20350	20.5	95123	95.87	35401	35.67	5	0.0	59	0.06	0	0.0
SLX-11165.ORDRH11.HFN3MBBXX.s_5.r_1_screen	20552	20.65	95296	95.76	35735	35.91	8	0.01	64	0.06	0	0.0
SLX-11165.ORDRH11.HFN3MBBXX.s_6.r_1_screen	20389	20.34	96019	95.81	35641	35.56	8	0.01	58	0.06	0	0.0
SLX-11165.ORDRH11.HFN3MBBXX.s_7.r_1_screen	20423	20.59	95236	96.01	35448	35.74	2	0.0	62	0.06	0	0.0
SLX-11165.ORDRH12.HFMVTBBXX.s_1.r_1_screen	18499	18.38	96560	95.94	35970	35.73	2	0.0	53	0.05	0	0.0
SLX-11165.ORDRH12.HFMVTBBXX.s_2.r_1_screen	18317	18.38	95583	95.91	35298	35.43	2	0.0	58	0.06	0	0.0
SLX-11165.ORDRH12.HFN3MBBXX.s_5.r_1_screen	18072	18.29	94872	95.98	35155	35.57	4	0.0	51	0.05	0	0.0
SLX-11165.ORDRH12.HFN3MBBXX.s_6.r_1_screen	18242	18.29	95701	95.96	35082	35.18	2	0.0	45	0.05	0	0.0
SLX-11165.ORDRH12.HFN3MBBXX.s_7.r_1_screen	17874	18.1	94951	96.13	34765	35.2	2	0.0	55	0.06	0	0.0
